3.77385
6
0.05
4000
0.55
0.3
1.34987	0.874481	0.8	0.8	0.8	0.8	0.8	0.8	0.8	0.8	0.8	0.8	0.8	0.8	0.8	0.8	0.8	0.8	0.8	0.8	0.8	0.8	1.06169	1.22773	0.858102	0.8	0.8	0.8	0.8	0.8	0.8	0.8	0.8	0.8	0.8	0.8	0.8	0.8	0.8	0.8	0.8	0.859676	1.18927	1.12905	0.844304	0.8	0.8	0.8	0.8	0.8	0.8	0.8	0.8	0.8	0.8	0.8	0.8	0.8	0.8	0.862546	1.16299	1.15587	0.868152	0.8	0.8	0.8	0.8	0.8	0.8	0.8	0.8	0.8	0.8	0.8	0.8	0.8	0.819046	0.992155	1.16433	1.1132	0.971029	0.876291	0.828971	0.810644	0.806151	0.809452	0.825409	0.868857	0.958329	1.09631	1.17441	1.05678	0.93145	0.858064	0.8246	0.813282	0.813796	0.826589	0.862493	0.938276	0	
0.1	0.601808	0.509944	0.498969	0.482887	0.498878	0.498504	0.498921	0.463551	0.498878	0	0.498539	0.374458	0.498884	0.499092	0.402648	0.498855	0.49892	0.499459	0.467614	0.498956	0.492989	0.75255	0.912385	0.610713	0.49318	0.492991	0.492682	0.46089	0.349359	0.492971	0.495925	0.492964	0.492972	0.492973	0.492987	0.493104	0.492982	0.492973	0.492888	0.492967	0.55304	0.877153	0.821084	0.564052	0.498606	0.491152	0.00654884	0.498912	0.5026	0.498909	0.499015	0.498905	0.371786	0.498922	0.498903	0.499051	0.498895	0.498672	0.561078	0.853092	0.847676	0.598395	0.493051	0.492959	0.476681	0.492795	0.493012	0.492817	0.428239	0.492941	0.468666	0.49296	0.492982	0.49285	0.492968	0.514578	0.683318	0.853284	0.804646	0.667721	0.574582	0.526593	0.508762	0.504068	0.507868	0.524558	0.570156	0.655567	0.789584	0.864787	0.754222	0.629733	0.558218	0.524176	0.496976	0.50588	0.522599	0.562322	0.636479	0	
1.24987	0.272673	0.290056	0.301031	0.317113	0.301122	0.301496	0.301079	0.336449	0.301122	0.8	0.301461	0.425542	0.301116	0.300908	0.397352	0.301145	0.30108	0.300541	0.332386	0.301044	0.307011	0.309141	0.315344	0.247389	0.30682	0.307009	0.307318	0.33911	0.450641	0.307029	0.304075	0.307036	0.307028	0.307027	0.307013	0.306896	0.307018	0.307027	0.307112	0.307033	0.306637	0.312117	0.307962	0.280252	0.301394	0.308848	0.793451	0.301088	0.2974	0.301091	0.300985	0.301095	0.428214	0.301078	0.301097	0.300949	0.301105	0.301328	0.301468	0.309897	0.308194	0.269758	0.306949	0.307041	0.323319	0.307205	0.306988	0.307183	0.371761	0.307059	0.331334	0.30704	0.307018	0.30715	0.307032	0.304467	0.308837	0.311043	0.308557	0.303308	0.30171	0.302378	0.301882	0.302083	0.301584	0.300851	0.298701	0.302762	0.306722	0.309621	0.302556	0.301717	0.299846	0.300424	0.316306	0.307916	0.30399	0.300172	0.301797	0	
5.94002
6
0.05
4000
0.55
0.325
1.34987	0.929645	0.8	0.8	0.8	0.8	0.8	0.8	0.8	0.8	0.8	0.8	0.8	0.8	0.8	0.8	0.8	0.8	0.8	0.8	0.941244	1.32386	0.990487	0.800482	0.8	0.8	0.8	0.8	0.8	0.8	0.8	0.8	0.8	0.8	0.8	0.8	0.8	0.8	0.8	0.933272	1.19164	1.17181	0.968606	0.845936	0.802541	0.8	0.8	0.8	0.8	0.8	0.800851	0.834841	0.942222	1.12919	1.22183	1.03724	0.886133	0.815589	0.8	0.8	0.8	0.8	0.8	0.802302	0.832477	0.889695	0.934664	0.94039	0.926076	0.908451	0.89136	0.876185	0.863375	0.852977	0.844919	0.839025	0.835025	0.832603	0.831405	0.831089	0.83128	0.832985	0.842477	0.867975	0.920321	1.00967	1.12962	1.17924	1.07884	0.970557	0.902558	0.869364	0.860917	0.87323	0.91073	0.982509	1.09007	1.17693	1.12009	1.01092	0	
0.1	0.615091	0.513873	0.473706	0.473582	0.473712	0.473856	0.474139	0.473886	0.473651	0.47384	0.473853	0.456819	0.473835	0.475785	0.473949	0.473995	0.473805	0.143495	0.473909	0.613768	0.965009	0.678353	0.524142	0.467376	0.429605	0.45762	0.467476	0.467185	0.467444	0.469436	0.467338	0.467195	0.467267	0.466988	0.467522	0.466949	0.467479	0.36	0.598713	0.85521	0.837212	0.643318	0.533279	0.47531	0.456055	0.47379	0.473829	0.473944	0.465208	0.473834	0.508946	0.614989	0.797066	0.881621	0.705186	0.562495	0.491081	0.455659	0.473837	0.473837	0.467302	0.456731	0.469295	0.499305	0.55626	0.601245	0.608411	0.594681	0.57707	0.559873	0.544636	0.53174	0.521151	0.512858	0.506825	0.502691	0.500157	0.498772	0.498482	0.498601	0.502437	0.515318	0.541769	0.592775	0.677791	0.795982	0.843718	0.749335	0.642697	0.577146	0.542309	0.534704	0.540144	0.583984	0.654488	0.758984	0.839641	0.78748	0.684077	0	
1.24987	0.314554	0.286127	0.326294	0.326418	0.326288	0.326144	0.325861	0.326114	0.326349	0.32616	0.326147	0.343181	0.326165	0.324215	0.326051	0.326005	0.326195	0.656505	0.326091	0.327476	0.358849	0.312135	0.276341	0.332624	0.370395	0.34238	0.332524	0.332815	0.332556	0.330564	0.332662	0.332805	0.332733	0.333012	0.332478	0.333051	0.332521	0.44	0.334559	0.336431	0.334602	0.325288	0.312657	0.327231	0.343945	0.32621	0.326171	0.326056	0.334792	0.327016	0.325895	0.327232	0.33212	0.340213	0.332059	0.323638	0.324509	0.344341	0.326163	0.326163	0.332698	0.343269	0.333007	0.333172	0.333435	0.33342	0.33198	0.331395	0.331381	0.331486	0.331549	0.331635	0.331826	0.332061	0.3322	0.332334	0.332446	0.332633	0.332607	0.332679	0.330548	0.327159	0.326206	0.327546	0.331877	0.333635	0.335524	0.329507	0.32786	0.325412	0.327055	0.326214	0.333086	0.326746	0.328021	0.331083	0.337287	0.332611	0.326843	0	
7.08921
6
0.05
4000
0.55
0.35
1.34987	0.987356	0.800141	0.8	0.8	0.8	0.8	0.8	0.8	0.8	0.8	0.8	0.8	0.8	0.8	0.8	0.8	0.8	0.902739	1.27951	1.12583	0.829964	0.8	0.8	0.8	0.8	0.8	0.8	0.8	0.8	0.8	0.8	0.8	0.8	0.8	0.8	0.8	0.890555	1.1468	1.23737	1.0549	0.908096	0.832052	0.804475	0.8	0.8	0.8	0.804388	0.831899	0.907755	1.05025	1.22477	1.17676	1.00048	0.882701	0.825277	0.80508	0.800785	0.8009	0.805951	0.828313	0.878592	0.923486	0.933108	0.92056	0.904269	0.888311	0.874031	0.861939	0.852197	0.844763	0.839419	0.835885	0.833834	0.832894	0.832723	0.832961	0.833307	0.833604	0.833849	0.834032	0.835362	0.844208	0.868473	0.91845	1.00514	1.12896	1.21214	1.127	1.00658	0.925747	0.883348	0.868749	0.876149	0.907947	0.972604	1.07601	1.18843	1.17662	1.06232	0	
0.1	0.637507	0.519672	0.449539	0.44858	0.448769	0.448225	0.448778	0.441283	0.443134	0.448609	0.448294	0.431603	0.449725	0.448933	0.448701	0.448889	0.454508	0.550202	0.911212	0.76882	0.561794	0.443658	0.441944	0.441992	0.441454	0.441968	0.441931	0.441791	0.443952	0.442025	0.447629	0.442473	0.448733	0.441934	0.388391	0.441909	0.530629	0.785734	0.873822	0.701405	0.56129	0.480786	0.452808	0.446998	0.458739	0.448789	0.453572	0.479914	0.555965	0.692353	0.863868	0.816599	0.649552	0.53848	0.475239	0.446612	0.449715	0.449669	0.454531	0.478913	0.519604	0.56448	0.575303	0.563641	0.547431	0.531349	0.517014	0.50473	0.494716	0.487216	0.481692	0.477962	0.475866	0.474763	0.474563	0.474748	0.475107	0.47539	0.475654	0.475841	0.479017	0.488694	0.517048	0.566018	0.65255	0.769695	0.850466	0.776625	0.654122	0.575242	0.533085	0.517894	0.524639	0.557064	0.621466	0.711123	0.828069	0.817531	0.707909	0	
1.24987	0.349849	0.280469	0.350461	0.35142	0.351231	0.351775	0.351222	0.358717	0.356866	0.351391	0.351706	0.368397	0.350275	0.351067	0.351299	0.351111	0.345492	0.352537	0.368295	0.357013	0.26817	0.356342	0.358056	0.358008	0.358546	0.358032	0.358069	0.358209	0.356048	0.357975	0.352371	0.357527	0.351267	0.358066	0.411609	0.358091	0.359926	0.361064	0.363546	0.353498	0.346806	0.351266	0.351667	0.353002	0.341261	0.351211	0.350816	0.351985	0.35179	0.357901	0.360903	0.360165	0.35093	0.34422	0.350037	0.358468	0.351069	0.351231	0.35142	0.349401	0.358988	0.359006	0.357806	0.356919	0.356838	0.356963	0.357017	0.357209	0.357482	0.357547	0.357728	0.357923	0.357968	0.358131	0.35816	0.358213	0.3582	0.358213	0.358195	0.358191	0.356345	0.355514	0.351425	0.352433	0.352589	0.359262	0.361677	0.350379	0.352457	0.350506	0.350263	0.350855	0.35151	0.350883	0.351138	0.364883	0.360361	0.359089	0.354412	0	
8.01565
6
0.05
4000
0.55
0.375
1.34987	1.04336	0.824056	0.8	0.8	0.8	0.8	0.8	0.8	0.8	0.8	0.8	0.8	0.8	0.8	0.8	0.908854	1.2183	1.25263	0.93437	0.801532	0.8	0.8	0.8	0.8	0.8	0.8	0.8	0.8	0.8	0.8	0.8	0.8	0.851124	1.03169	1.17083	1.17262	1.09713	1.02392	0.970239	0.93259	0.907848	0.899549	0.907511	0.936028	0.99291	1.08399	1.19099	1.2094	1.1128	1.01765	0.957926	0.931494	0.933241	0.962678	1.02368	1.1161	1.20484	1.18693	1.09011	1.0083	0.957433	0.923197	0.898325	0.87951	0.865119	0.854268	0.846373	0.840923	0.837473	0.835579	0.834814	0.834766	0.83506	0.835407	0.835714	0.835945	0.836126	0.836262	0.836384	0.836455	0.837745	0.846888	0.871791	0.922182	1.00939	1.13665	1.239	1.16342	1.03376	0.943429	0.894103	0.874742	0.878419	0.905978	0.965041	1.06377	1.18886	1.224	1.11429	0	
0.1	0.665587	0.526543	0.455092	0.423685	0.422776	0.423743	0.424154	0.425148	0.423741	0.175756	0.428353	0.418509	0.411824	0.42384	0.423806	0.531432	0.833399	0.865816	0.566739	0.49151	0.416707	0.416516	0.417843	0.416446	0.414849	0.416517	0.406847	0.416187	0.416554	0.416302	0.416483	0.416521	0.467341	0.645982	0.785006	0.788918	0.716194	0.64398	0.58957	0.551394	0.528004	0.519721	0.529517	0.557935	0.61392	0.704186	0.806579	0.824319	0.732002	0.637851	0.582209	0.555377	0.556957	0.58662	0.642401	0.733747	0.820004	0.80286	0.710719	0.630528	0.576879	0.541774	0.516371	0.497259	0.482602	0.471457	0.463415	0.457697	0.454082	0.452073	0.451238	0.45109	0.451344	0.451684	0.45202	0.452243	0.452436	0.452577	0.452727	0.452786	0.455568	0.466832	0.491797	0.544349	0.630623	0.753371	0.849608	0.781072	0.656128	0.56892	0.519801	0.497342	0.503099	0.530011	0.587919	0.686787	0.803301	0.838047	0.735564	0	
1.24987	0.377774	0.297513	0.344908	0.376315	0.377224	0.376257	0.375846	0.374852	0.376259	0.624244	0.371647	0.381491	0.388176	0.37616	0.376194	0.377422	0.384897	0.386816	0.36763	0.310022	0.383293	0.383484	0.382157	0.383554	0.385151	0.383483	0.393153	0.383813	0.383446	0.383698	0.383517	0.383479	0.383783	0.385704	0.385828	0.383702	0.380934	0.379935	0.380669	0.381196	0.379844	0.379827	0.377994	0.378093	0.37899	0.379805	0.384409	0.38508	0.380799	0.3798	0.375717	0.376117	0.376283	0.376058	0.381279	0.38235	0.384833	0.384069	0.379389	0.377769	0.380554	0.381423	0.381953	0.382251	0.382517	0.382811	0.382958	0.383226	0.383392	0.383507	0.383576	0.383677	0.383716	0.383723	0.383695	0.383702	0.38369	0.383685	0.383656	0.383669	0.382178	0.380056	0.379994	0.377833	0.378763	0.383275	0.389393	0.382348	0.377632	0.374508	0.374302	0.377401	0.375321	0.375967	0.377123	0.376985	0.385558	0.385953	0.378723	0	
7.52661
6
0.05
4000
0.55
0.4
1.34987	1.0952	0.875979	0.800472	0.8	0.8	0.8	0.8	0.8	0.8	0.8	0.8	0.8	0.810425	0.93222	1.18638	1.32304	1.0524	0.860442	0.800087	0.8	0.8	0.8	0.8	0.8	0.8	0.8	0.8	0.800284	0.858944	0.98036	1.06087	1.06405	1.0381	1.00838	0.97973	0.953563	0.930207	0.909626	0.891872	0.877014	0.866934	0.867617	0.882623	0.919335	0.987404	1.09535	1.22525	1.24374	1.12247	1.01117	0.942027	0.908781	0.90322	0.922993	0.972651	1.05925	1.17844	1.25394	1.17421	1.0587	0.977123	0.924888	0.891197	0.869103	0.854609	0.845338	0.839802	0.836936	0.835915	0.836036	0.836635	0.837271	0.837799	0.838207	0.838497	0.838732	0.838918	0.839025	0.839144	0.839219	0.840511	0.849609	0.874328	0.924338	1.01106	1.14031	1.26194	1.20387	1.06543	0.96454	0.907206	0.882413	0.882096	0.905572	0.95928	1.05221	1.18109	1.2611	1.1687	0	
0.1	0.6912	0.534285	0.463178	0.398932	0.398707	0.398709	0.397048	0.385615	0.401998	0.398723	0.398747	0.399025	0.40979	0.53025	0.776829	0.904174	0.649363	0.517621	0.446809	0.398703	0.391057	0.39106	0.391097	0.391134	0.391134	0.390694	0.391093	0.392264	0.449387	0.570363	0.650444	0.656223	0.63104	0.601528	0.572831	0.546427	0.52286	0.502152	0.484126	0.469131	0.460604	0.462827	0.476454	0.516588	0.584611	0.690318	0.814333	0.832463	0.717284	0.609754	0.543411	0.50806	0.50208	0.52181	0.570435	0.654959	0.762258	0.84029	0.766584	0.655125	0.572476	0.519052	0.484374	0.461551	0.446662	0.43694	0.431144	0.428076	0.426879	0.426856	0.42739	0.428033	0.42858	0.429017	0.429306	0.429569	0.429782	0.429843	0.430007	0.430081	0.433471	0.443916	0.469421	0.520613	0.608289	0.733897	0.850629	0.794723	0.659531	0.56496	0.508374	0.483668	0.480367	0.506002	0.55747	0.648345	0.77316	0.84182	0.760834	0	
1.24987	0.403996	0.341694	0.337294	0.401068	0.401293	0.401291	0.402952	0.414385	0.398002	0.401277	0.401253	0.400975	0.400635	0.40197	0.409553	0.418868	0.403041	0.342821	0.353279	0.401297	0.408943	0.40894	0.408903	0.408866	0.408866	0.409306	0.408907	0.40802	0.409557	0.409997	0.410428	0.407829	0.407058	0.406852	0.406899	0.407136	0.407347	0.407474	0.407746	0.407884	0.406329	0.40479	0.406169	0.402748	0.402793	0.40503	0.41092	0.411278	0.40519	0.401417	0.398617	0.40072	0.40114	0.401183	0.402216	0.404293	0.416186	0.413647	0.407622	0.403576	0.404647	0.405837	0.406823	0.407552	0.407946	0.408398	0.408658	0.40886	0.409036	0.40918	0.409245	0.409238	0.409219	0.40919	0.409191	0.409164	0.409135	0.409181	0.409137	0.409138	0.40704	0.405693	0.404907	0.403725	0.402775	0.406414	0.411312	0.409152	0.405896	0.399579	0.398832	0.398745	0.40173	0.39957	0.40181	0.403868	0.407926	0.419281	0.407861	0	
6.93478
6
0.05
4000
0.55
0.425
1.34987	1.14138	0.939895	0.832243	0.800417	0.8	0.8	0.8	0.8	0.8	0.801326	0.840004	0.956164	1.15943	1.34473	1.1724	0.969233	0.851341	0.805574	0.8	0.8	0.8	0.8	0.8	0.813033	0.861319	0.923018	0.954284	0.946682	0.929428	0.911434	0.894925	0.880724	0.869085	0.859951	0.853116	0.848297	0.845126	0.843249	0.842311	0.841996	0.843283	0.852668	0.878325	0.930317	1.01963	1.15275	1.28575	1.23771	1.09268	0.983778	0.920149	0.890934	0.887566	0.908234	0.958452	1.04713	1.17592	1.28561	1.21948	1.08609	0.988509	0.926595	0.887934	0.863987	0.849523	0.84135	0.837421	0.836325	0.836925	0.838128	0.839321	0.840284	0.840992	0.841475	0.841829	0.842081	0.84229	0.84245	0.842581	0.842674	0.844046	0.853576	0.879254	0.930351	1.01821	1.14968	1.28349	1.23953	1.09484	0.985538	0.921512	0.891991	0.888396	0.908954	0.959112	1.04763	1.17608	1.2854	1.22036	0	
0.1	0.710376	0.544201	0.47277	0.401957	0.374049	0.373732	0.369424	0.372235	0.211497	0.372145	0.413341	0.528716	0.729109	0.900261	0.741404	0.552959	0.482633	0.41182	0.373689	0.373694	0.365556	0.365625	0.365813	0.37896	0.425875	0.486833	0.518678	0.51323	0.496331	0.478354	0.461719	0.447327	0.435558	0.426191	0.419067	0.414189	0.41088	0.408899	0.407859	0.407461	0.410388	0.425017	0.451782	0.502071	0.591027	0.718659	0.847253	0.803085	0.664212	0.559	0.496157	0.465169	0.460766	0.48206	0.531881	0.62054	0.743609	0.847469	0.785115	0.65799	0.55962	0.495826	0.455983	0.431254	0.416154	0.40756	0.40322	0.401831	0.402219	0.403391	0.404566	0.40555	0.406322	0.406823	0.407209	0.407468	0.407692	0.407861	0.408007	0.408102	0.4102	0.423614	0.450805	0.501879	0.590077	0.718309	0.845625	0.804177	0.665206	0.561081	0.497416	0.465167	0.46083	0.484193	0.532824	0.619727	0.743867	0.844788	0.788874	0	
1.24987	0.431004	0.395693	0.359473	0.39846	0.425951	0.426268	0.430576	0.427765	0.588503	0.429181	0.426662	0.427448	0.430326	0.444465	0.430998	0.416274	0.368709	0.393754	0.426311	0.426306	0.434444	0.434375	0.434187	0.434073	0.435444	0.436185	0.435606	0.433451	0.433097	0.43308	0.433206	0.433397	0.433527	0.43376	0.434049	0.434108	0.434246	0.43435	0.434452	0.434535	0.432895	0.427651	0.426543	0.428247	0.428605	0.434087	0.438497	0.434625	0.428467	0.424778	0.423993	0.425765	0.4268	0.426174	0.426571	0.426595	0.43231	0.438143	0.434362	0.428099	0.42889	0.430769	0.431952	0.432733	0.433369	0.43379	0.434201	0.434494	0.434706	0.434737	0.434756	0.434734	0.43467	0.434652	0.43462	0.434613	0.434598	0.434589	0.434574	0.434572	0.433845	0.429962	0.42845	0.428472	0.428137	0.431372	0.437867	0.435357	0.429629	0.424456	0.424096	0.426824	0.427566	0.424761	0.426288	0.427901	0.432215	0.44061	0.431486	0	
6.36989
6
0.05
4000
0.55
0.45
1.34987	1.18155	1.00587	0.895745	0.839186	0.816167	0.810001	0.813702	0.831539	0.877604	0.970044	1.12093	1.3058	1.29473	1.11065	0.96939	0.885613	0.844124	0.82853	0.82912	0.846134	0.879769	0.903855	0.904677	0.895105	0.884149	0.874097	0.865715	0.85916	0.854329	0.850992	0.848856	0.847622	0.847018	0.846819	0.846817	0.846907	0.847005	0.847085	0.847145	0.847198	0.848539	0.858212	0.884249	0.935887	1.02412	1.1566	1.30147	1.27839	1.12945	1.01113	0.939502	0.904648	0.897503	0.915215	0.962104	1.04641	1.17238	1.30075	1.26846	1.13114	1.02257	0.95215	0.907647	0.879622	0.862192	0.851743	0.845995	0.843397	0.842805	0.843291	0.844063	0.844767	0.845327	0.845757	0.846084	0.846343	0.84655	0.846715	0.846845	0.846952	0.848347	0.857992	0.884089	0.935848	1.02428	1.15701	1.30194	1.27781	1.12821	1.00988	0.938333	0.903513	0.89632	0.913973	0.960823	1.04516	1.17127	1.30056	1.26937	0	
0.1	0.725418	0.560336	0.487361	0.416537	0.354772	0.358727	0.362753	0.379833	0.425746	0.518256	0.665938	0.843278	0.832421	0.656273	0.53457	0.463758	0.394482	0.377627	0.377984	0.394256	0.418762	0.442817	0.445081	0.436087	0.425161	0.414966	0.406495	0.399796	0.394841	0.3914	0.389159	0.387829	0.387137	0.386895	0.386836	0.386932	0.387033	0.387114	0.387174	0.387227	0.390922	0.401967	0.429493	0.482405	0.57097	0.701383	0.838208	0.817971	0.674949	0.561106	0.490422	0.453713	0.445404	0.464729	0.510057	0.594168	0.713837	0.835597	0.806217	0.674277	0.569165	0.496685	0.450784	0.4218	0.403673	0.392676	0.386576	0.383697	0.38289	0.383218	0.383966	0.384687	0.385263	0.385717	0.386058	0.386324	0.386548	0.38672	0.386859	0.38697	0.390186	0.403758	0.429306	0.481923	0.571245	0.701546	0.838936	0.817372	0.674165	0.55999	0.491866	0.452551	0.452691	0.462806	0.509549	0.592547	0.715399	0.837167	0.80888	0	
1.24987	0.456134	0.445533	0.408383	0.422649	0.461395	0.451275	0.45095	0.451706	0.451858	0.451788	0.454994	0.462517	0.462305	0.45438	0.43482	0.421855	0.449642	0.450903	0.451135	0.451878	0.461007	0.461039	0.459596	0.459018	0.458988	0.459131	0.45922	0.459364	0.459488	0.459592	0.459696	0.459793	0.459881	0.459924	0.459981	0.459975	0.459972	0.459971	0.459971	0.459971	0.457617	0.456245	0.454755	0.453483	0.453148	0.455213	0.463261	0.460415	0.454497	0.450027	0.44908	0.450934	0.4521	0.450485	0.452048	0.45224	0.458543	0.465154	0.462243	0.456867	0.453401	0.455466	0.456863	0.457822	0.458519	0.459067	0.45942	0.4597	0.459915	0.460073	0.460097	0.46008	0.460064	0.460041	0.460026	0.460019	0.460002	0.459995	0.459985	0.459982	0.458161	0.454234	0.454783	0.453925	0.453034	0.455467	0.463008	0.460435	0.454043	0.449886	0.446467	0.450963	0.443629	0.451168	0.451274	0.45261	0.455871	0.463389	0.460488	0	
6.06892
6
0.05
4000
0.55
0.475
1.34987	1.21527	1.06775	0.969996	0.915658	0.893448	0.896473	0.924979	0.985689	1.0874	1.23051	1.3438	1.25818	1.114	1.01079	0.951307	0.926176	0.928985	0.959559	1.02337	1.12701	1.22129	1.21091	1.16366	1.11488	1.07255	1.03652	1.00517	0.977282	0.952422	0.930635	0.911979	0.896434	0.883859	0.874012	0.866569	0.861167	0.857436	0.855007	0.85355	0.852751	0.853694	0.863385	0.889923	0.942296	1.03116	1.16467	1.31827	1.31464	1.16211	1.03538	0.956519	0.916369	0.905593	0.920504	0.964346	1.04473	1.16746	1.30866	1.31518	1.17817	1.05853	0.979109	0.928433	0.896218	0.875858	0.863256	0.855831	0.851872	0.850162	0.849804	0.850121	0.850561	0.850942	0.851254	0.851497	0.851708	0.851862	0.85201	0.85213	0.85223	0.853644	0.863768	0.890919	0.944158	1.0341	1.16861	1.32113	1.31141	1.15815	1.0326	0.954834	0.915475	0.905248	0.920579	0.964924	1.04597	1.16943	1.31036	1.31355	0	
0.1	0.731285	0.592681	0.507547	0.4413	0.417532	0.419682	0.448876	0.508154	0.609415	0.745976	0.851153	0.774302	0.635226	0.538727	0.477522	0.449112	0.453148	0.48289	0.546266	0.647382	0.733722	0.726667	0.681154	0.632574	0.590116	0.553839	0.522113	0.49407	0.468962	0.44702	0.428161	0.412394	0.3996	0.389575	0.381959	0.376379	0.372505	0.369949	0.368418	0.367491	0.369816	0.381627	0.41042	0.463683	0.55337	0.685445	0.830682	0.828093	0.680635	0.560835	0.487916	0.444998	0.429975	0.443643	0.488002	0.567004	0.687144	0.821216	0.827615	0.697096	0.580307	0.498807	0.446551	0.413319	0.392229	0.379067	0.371197	0.36692	0.364996	0.364508	0.364728	0.365146	0.365536	0.36586	0.366109	0.366329	0.366484	0.36664	0.366771	0.366877	0.369392	0.383526	0.411166	0.465361	0.555717	0.68968	0.833526	0.823122	0.677645	0.557613	0.485699	0.439686	0.428687	0.442694	0.488748	0.568285	0.683579	0.822784	0.826766	0	
1.24987	0.483989	0.475066	0.46245	0.474357	0.475915	0.476791	0.476103	0.477535	0.477986	0.484532	0.492645	0.483876	0.478773	0.472061	0.473785	0.477064	0.475837	0.47667	0.477108	0.479626	0.487564	0.484239	0.482501	0.482305	0.482436	0.482677	0.483061	0.483213	0.483459	0.483615	0.483818	0.48404	0.48426	0.484437	0.484609	0.484787	0.484931	0.485059	0.485132	0.48526	0.483878	0.481758	0.479503	0.478614	0.477794	0.479225	0.487585	0.486542	0.481471	0.47454	0.468603	0.471372	0.475618	0.476861	0.476345	0.477724	0.480311	0.487445	0.487565	0.481076	0.478219	0.480302	0.481882	0.4829	0.483629	0.484189	0.484634	0.484952	0.485167	0.485295	0.485393	0.485415	0.485406	0.485394	0.485388	0.485378	0.485378	0.485369	0.485359	0.485353	0.484251	0.480241	0.479754	0.478796	0.478387	0.478929	0.487605	0.488291	0.480507	0.47499	0.469135	0.47579	0.476561	0.477885	0.476175	0.477682	0.485853	0.487578	0.486782	0	
6.23108
6
0.05
4000
0.55
0.5
1.34987	1.24281	1.12307	1.04303	1.00233	0.995149	1.01893	1.07591	1.16934	1.28802	1.34601	1.25961	1.14751	1.06956	1.03003	1.0249	1.05182	1.11252	1.20697	1.31154	1.32729	1.23087	1.13013	1.05732	1.00746	0.971689	0.944512	0.923148	0.906179	0.892832	0.882522	0.874763	0.869105	0.865135	0.862469	0.86077	0.859747	0.859193	0.858914	0.858814	0.85877	0.860184	0.870602	0.898356	0.952426	1.04306	1.17821	1.33714	1.34623	1.19135	1.05862	0.974318	0.93004	0.916537	0.929598	0.971741	1.0499	1.17033	1.31719	1.35314	1.2202	1.0923	1.00564	0.949858	0.91408	0.891153	0.876606	0.867612	0.862324	0.859466	0.858144	0.857711	0.857728	0.857908	0.858074	0.85823	0.858367	0.858429	0.858506	0.858581	0.858636	0.860171	0.870887	0.899065	0.953728	1.04513	1.1811	1.33962	1.34413	1.18855	1.05655	0.972963	0.929254	0.916269	0.929826	0.972624	1.05159	1.17288	1.31974	1.3516	0	
0.1	0.734222	0.620735	0.544911	0.501705	0.49179	0.517659	0.573739	0.664773	0.776338	0.796876	0.750574	0.643944	0.569388	0.531936	0.52431	0.549535	0.61024	0.69918	0.798698	0.814694	0.723165	0.624741	0.551191	0.500175	0.463545	0.435864	0.414222	0.39688	0.383316	0.372804	0.364854	0.359008	0.354884	0.352093	0.350277	0.349117	0.348573	0.34824	0.348169	0.348097	0.351454	0.365626	0.393448	0.448932	0.539587	0.674348	0.821594	0.832666	0.684034	0.560145	0.487257	0.4294	0.415055	0.428036	0.469093	0.547141	0.663056	0.80283	0.838461	0.713567	0.589627	0.500475	0.442938	0.406124	0.382371	0.367251	0.357825	0.352225	0.349117	0.347652	0.347084	0.347049	0.347203	0.347373	0.347552	0.347716	0.347759	0.347823	0.3479	0.347953	0.350721	0.366533	0.394261	0.450195	0.542158	0.675306	0.824159	0.830584	0.682206	0.557081	0.485261	0.428732	0.408534	0.428986	0.470418	0.549424	0.66718	0.807375	0.837085	0	
1.24987	0.508592	0.50233	0.498117	0.500621	0.503359	0.501274	0.50217	0.504571	0.511678	0.549138	0.50904	0.503566	0.500172	0.498096	0.500594	0.502285	0.502285	0.507787	0.512838	0.512594	0.507704	0.505386	0.506132	0.507281	0.508144	0.508649	0.508927	0.509299	0.509515	0.509718	0.509909	0.510097	0.510251	0.510376	0.510493	0.51063	0.51062	0.510674	0.510644	0.510673	0.50873	0.504976	0.504908	0.503494	0.503474	0.50386	0.515546	0.513568	0.507314	0.498476	0.48706	0.500641	0.501482	0.501561	0.502648	0.502762	0.507274	0.514358	0.514682	0.50663	0.502668	0.50516	0.506921	0.507955	0.508781	0.509355	0.509786	0.510098	0.510349	0.510493	0.510626	0.510679	0.510705	0.510701	0.510679	0.510651	0.51067	0.510683	0.510681	0.510683	0.50945	0.504354	0.504805	0.503533	0.502974	0.505795	0.515464	0.513549	0.506341	0.499472	0.487702	0.500522	0.507735	0.500839	0.502206	0.502163	0.505702	0.512362	0.51452	0	
5.87046
6
0.05
4000
0.55
0.525
1.34987	1.26492	1.1713	1.11007	1.08508	1.09413	1.13633	1.21082	1.30367	1.35142	1.29382	1.20454	1.13939	1.10881	1.11231	1.1483	1.21508	1.29868	1.34407	1.29717	1.21668	1.15252	1.10356	1.06435	1.03103	1.00158	0.975493	0.952714	0.93322	0.916958	0.903731	0.893252	0.885171	0.879135	0.874744	0.871668	0.869582	0.868217	0.867362	0.866837	0.866541	0.867892	0.878954	0.908005	0.963852	1.05627	1.19296	1.35622	1.37714	1.22143	1.08346	0.994172	0.946034	0.930133	0.941938	0.983354	1.06061	1.17984	1.32938	1.38518	1.25723	1.12372	1.03169	0.971932	0.933253	0.908138	0.891843	0.881363	0.874758	0.870728	0.868376	0.867082	0.866431	0.86615	0.866067	0.866033	0.866045	0.866075	0.866094	0.866116	0.866127	0.867565	0.878272	0.906768	0.961895	1.05339	1.18911	1.35291	1.37975	1.22487	1.08566	0.995218	0.946176	0.929532	0.940647	0.981126	1.05726	1.17534	1.32504	1.38712	0	
0.1	0.731584	0.641734	0.583967	0.558619	0.569226	0.606951	0.679656	0.766455	0.830573	0.75904	0.678304	0.606044	0.570505	0.582808	0.62033	0.683337	0.763294	0.807783	0.754952	0.682642	0.620574	0.570846	0.531101	0.497398	0.467686	0.441416	0.418546	0.398776	0.382298	0.368846	0.358162	0.349844	0.343722	0.339154	0.335991	0.333835	0.332399	0.331512	0.330896	0.330592	0.335012	0.3476	0.378342	0.434509	0.52754	0.661531	0.817877	0.836347	0.690459	0.559019	0.486583	0.421772	0.403749	0.417518	0.455845	0.533216	0.650558	0.794743	0.844174	0.724531	0.59599	0.501909	0.439942	0.400181	0.374205	0.357308	0.346391	0.339456	0.335185	0.332657	0.33121	0.330483	0.330191	0.330111	0.330018	0.330058	0.330072	0.330076	0.330105	0.330141	0.333648	0.34619	0.376917	0.432492	0.524273	0.659736	0.814494	0.839349	0.69336	0.560557	0.48754	0.422007	0.407099	0.414203	0.454082	0.530121	0.643478	0.78679	0.846087	0	
1.24987	0.53334	0.529569	0.526107	0.526466	0.524908	0.529375	0.53116	0.537212	0.520845	0.534782	0.52624	0.533342	0.538309	0.529499	0.527968	0.53174	0.535388	0.536284	0.54222	0.534036	0.53195	0.532711	0.533249	0.533627	0.533895	0.534077	0.534168	0.534444	0.534661	0.534884	0.53509	0.535328	0.535413	0.535589	0.535677	0.535747	0.535818	0.53585	0.535941	0.535949	0.53288	0.531354	0.529663	0.529343	0.528726	0.531426	0.53834	0.540791	0.530974	0.524444	0.507589	0.524263	0.526384	0.52442	0.527509	0.527397	0.529282	0.534637	0.541011	0.532702	0.527727	0.529782	0.531991	0.533072	0.533934	0.534535	0.534972	0.535302	0.535543	0.535719	0.535871	0.535948	0.535959	0.535956	0.536014	0.535987	0.536003	0.536018	0.53601	0.535985	0.533918	0.532082	0.529851	0.529403	0.52912	0.529371	0.538419	0.540404	0.531512	0.525099	0.507678	0.524169	0.522434	0.526444	0.527044	0.527143	0.531858	0.538247	0.54103	0	
5.2064
6
0.05
4000
0.55
0.55
1.34987	1.28253	1.21271	1.17007	1.16035	1.18241	1.23355	1.30329	1.35421	1.33474	1.26949	1.21121	1.1805	1.18081	1.21022	1.26406	1.32463	1.34848	1.3112	1.25225	1.20837	1.18173	1.14879	1.11385	1.08016	1.04841	1.01898	0.992317	0.968752	0.948466	0.931411	0.917431	0.906248	0.897521	0.890872	0.885926	0.88234	0.879789	0.878044	0.876859	0.876067	0.877131	0.888353	0.918085	0.974918	1.06815	1.20532	1.37233	1.40922	1.25395	1.11018	1.01525	0.962588	0.943621	0.953457	0.993265	1.06861	1.18552	1.33662	1.41654	1.29904	1.15903	1.06032	0.995711	0.953655	0.926146	0.908067	0.896163	0.888349	0.883261	0.879983	0.87792	0.876632	0.875851	0.875345	0.875053	0.874892	0.874774	0.874706	0.874694	0.874644	0.876102	0.887337	0.917041	0.973771	1.06682	1.20382	1.3712	1.41015	1.2552	1.1109	1.01549	0.962448	0.94323	0.95282	0.992393	1.0675	1.18416	1.33531	1.41691	0	
0.1	0.721877	0.658321	0.616495	0.608005	0.628365	0.680193	0.735767	0.791726	0.773967	0.712078	0.656758	0.616277	0.62676	0.648751	0.706671	0.771905	0.786426	0.751275	0.703385	0.65342	0.622192	0.589831	0.555004	0.521165	0.489323	0.459753	0.432931	0.409098	0.388752	0.371518	0.357349	0.345973	0.337081	0.330262	0.325146	0.321428	0.31869	0.316951	0.315727	0.314865	0.319997	0.331671	0.363111	0.420475	0.514109	0.650561	0.80889	0.84254	0.693956	0.560872	0.487665	0.416852	0.391887	0.402173	0.440633	0.51581	0.630734	0.775262	0.849166	0.738822	0.606185	0.505813	0.438848	0.395521	0.367058	0.348362	0.335998	0.327832	0.322487	0.31898	0.316848	0.315505	0.314702	0.314096	0.313805	0.313657	0.313499	0.313429	0.313445	0.313375	0.317447	0.331319	0.362043	0.419239	0.512935	0.649861	0.804939	0.845483	0.698636	0.561372	0.488131	0.417319	0.391689	0.400078	0.440572	0.515075	0.630182	0.774134	0.849084	0	
1.24987	0.560657	0.554389	0.553572	0.552343	0.55405	0.553357	0.567522	0.56248	0.560773	0.557407	0.554456	0.564221	0.55405	0.561465	0.557387	0.552723	0.562057	0.55992	0.548861	0.554954	0.559536	0.558957	0.558849	0.558997	0.559084	0.559222	0.559386	0.559654	0.559715	0.559894	0.560082	0.560275	0.56044	0.56061	0.56078	0.560912	0.561099	0.561094	0.561131	0.561202	0.557134	0.556682	0.554974	0.554443	0.554046	0.554763	0.563445	0.566684	0.559991	0.549309	0.527583	0.545736	0.551734	0.551284	0.552632	0.552803	0.554788	0.561361	0.567376	0.560216	0.552844	0.554507	0.556863	0.558134	0.559087	0.559705	0.560165	0.560517	0.560774	0.561003	0.561071	0.561127	0.561149	0.561249	0.561248	0.561235	0.561276	0.561277	0.561249	0.561269	0.558654	0.556018	0.554998	0.554532	0.55389	0.553962	0.566263	0.564665	0.556564	0.54953	0.52736	0.54513	0.55154	0.552742	0.551821	0.55242	0.553975	0.56118	0.567826	0	
4.6581
6
0.05
4000
0.55
0.575
1.34987	1.29551	1.24587	1.22058	1.22397	1.25389	1.30349	1.35191	1.36189	1.32479	1.2753	1.24165	1.23349	1.25067	1.28862	1.33344	1.35657	1.33824	1.29714	1.26195	1.24709	1.23703	1.2043	1.16661	1.12975	1.09508	1.0626	1.03264	1.00557	0.981708	0.961178	0.943938	0.929785	0.918436	0.909513	0.902662	0.897485	0.893648	0.890864	0.888866	0.887449	0.888035	0.898791	0.928392	0.985138	1.07786	1.21399	1.38367	1.44278	1.29208	1.14198	1.04049	0.982426	0.959673	0.966955	1.00461	1.07758	1.19156	1.34242	1.44408	1.34203	1.19681	1.09162	1.02223	0.976764	0.946766	0.926772	0.913297	0.904134	0.89786	0.893558	0.890604	0.888592	0.887205	0.886253	0.885615	0.885187	0.884897	0.884671	0.884543	0.884429	0.885978	0.897767	0.928669	0.987089	1.08175	1.21993	1.39002	1.4396	1.28533	1.1367	1.03685	0.98014	0.95849	0.966768	1.00553	1.07982	1.1953	1.34708	1.44407	0	
0.1	0.712747	0.665513	0.641377	0.643906	0.672588	0.719821	0.765618	0.775059	0.732816	0.693726	0.661521	0.65333	0.669179	0.706058	0.746649	0.769986	0.742983	0.709934	0.680925	0.66633	0.651298	0.619911	0.582615	0.545622	0.510807	0.478179	0.448204	0.420913	0.396885	0.376148	0.358736	0.34435	0.332856	0.323714	0.316767	0.311435	0.30744	0.304591	0.302529	0.30105	0.303881	0.317171	0.348171	0.40557	0.498796	0.633704	0.795089	0.84978	0.707912	0.567033	0.491235	0.420422	0.383112	0.390095	0.427175	0.500273	0.611261	0.756164	0.821378	0.755619	0.619027	0.512328	0.440431	0.393564	0.362555	0.341918	0.327963	0.318459	0.311908	0.307423	0.304325	0.302285	0.300816	0.299772	0.299119	0.298702	0.298399	0.298097	0.298024	0.297894	0.301588	0.31613	0.348557	0.409362	0.50232	0.637774	0.79568	0.846848	0.70263	0.56333	0.489235	0.418422	0.382069	0.390112	0.427826	0.502166	0.616607	0.760801	0.851078	0	
1.24987	0.582759	0.580356	0.579201	0.580061	0.581303	0.583674	0.58629	0.586832	0.591972	0.581579	0.58013	0.580165	0.581487	0.58256	0.586786	0.586583	0.595254	0.587205	0.58102	0.580758	0.585729	0.584393	0.583993	0.584128	0.584273	0.584424	0.584439	0.584656	0.584823	0.58503	0.585202	0.585434	0.58558	0.585799	0.585895	0.58605	0.586208	0.586273	0.586337	0.586399	0.584154	0.58162	0.580221	0.579567	0.57906	0.580284	0.588582	0.592996	0.584169	0.574948	0.549251	0.562004	0.576561	0.57686	0.577435	0.577303	0.580297	0.58626	0.622702	0.586408	0.577785	0.579292	0.581797	0.5832	0.584211	0.584855	0.585334	0.585675	0.585952	0.586135	0.586278	0.586307	0.586389	0.586481	0.586496	0.586485	0.586498	0.586574	0.586519	0.586535	0.58439	0.581636	0.580113	0.577727	0.579428	0.582156	0.594342	0.592755	0.582696	0.573371	0.547613	0.561718	0.57642	0.576656	0.577706	0.577651	0.57869	0.586277	0.592991	0	
4.25874
6
0.05
4000
0.55
0.6
1.34987	1.30579	1.27283	1.2628	1.27723	1.31191	1.35412	1.37815	1.3637	1.32576	1.29155	1.27598	1.28265	1.30821	1.34336	1.36846	1.36435	1.33631	1.30566	1.2884	1.28996	1.28491	1.24913	1.20797	1.16826	1.13131	1.09682	1.06476	1.03552	1.00942	0.986686	0.96734	0.951244	0.938147	0.92768	0.919486	0.913161	0.908353	0.904763	0.902101	0.900139	0.900359	0.911329	0.941706	0.999535	1.0931	1.22953	1.40073	1.47165	1.32427	1.1703	1.06447	1.00275	0.97752	0.983563	1.02069	1.0933	1.20656	1.35733	1.46863	1.37617	1.22868	1.11992	1.04765	0.999983	0.968201	0.946687	0.931839	0.921438	0.91403	0.90873	0.904898	0.902128	0.900124	0.898692	0.897662	0.8969	0.89637	0.895995	0.89571	0.895512	0.896973	0.909171	0.940859	1.00031	1.0959	1.23458	1.40683	1.46936	1.31749	1.16448	1.06002	0.999439	0.975141	0.981941	1.01985	1.09328	1.20751	1.35917	1.4692	0	
0.1	0.692647	0.667307	0.657243	0.671869	0.703833	0.75181	0.766351	0.753422	0.717204	0.685115	0.661647	0.676005	0.700527	0.733745	0.765178	0.753477	0.716185	0.685577	0.681704	0.682953	0.673683	0.639425	0.598761	0.559006	0.521807	0.487197	0.454916	0.425649	0.399428	0.376505	0.35698	0.340686	0.327463	0.316785	0.308452	0.301939	0.296958	0.293296	0.290569	0.288524	0.292076	0.303953	0.336126	0.39497	0.488798	0.622949	0.783447	0.852276	0.717214	0.571152	0.494055	0.426951	0.38004	0.381498	0.418241	0.490695	0.602011	0.747345	0.847848	0.764839	0.625555	0.515998	0.440835	0.391703	0.358782	0.336583	0.321195	0.310552	0.302881	0.297469	0.29349	0.290598	0.288488	0.287042	0.286004	0.285141	0.284618	0.284256	0.283933	0.283742	0.289159	0.301945	0.335451	0.395667	0.492179	0.629861	0.792859	0.846789	0.708786	0.565867	0.490877	0.420064	0.365838	0.379302	0.417544	0.490857	0.601822	0.74817	0.848012	0	
1.24987	0.613142	0.605525	0.605555	0.605363	0.608082	0.602308	0.611794	0.610279	0.608556	0.606435	0.614331	0.606643	0.607687	0.609614	0.603277	0.610874	0.620124	0.620087	0.606696	0.607003	0.611231	0.609704	0.609213	0.60925	0.609501	0.609627	0.609846	0.60987	0.609996	0.610181	0.61036	0.610558	0.610684	0.610895	0.611034	0.611222	0.611396	0.611466	0.611532	0.611615	0.608283	0.607376	0.605581	0.604565	0.604305	0.606582	0.61728	0.619379	0.607057	0.599144	0.570418	0.575794	0.59748	0.602065	0.602452	0.602605	0.60455	0.609988	0.62078	0.611326	0.603126	0.603918	0.606813	0.60828	0.609419	0.610103	0.610644	0.610886	0.611149	0.611261	0.611408	0.61153	0.611636	0.61165	0.611658	0.611759	0.611753	0.611738	0.611777	0.61177	0.607815	0.607227	0.605408	0.604644	0.603726	0.604723	0.613971	0.622569	0.608707	0.598609	0.569145	0.579375	0.609303	0.602639	0.602309	0.602421	0.605687	0.610997	0.62119	0	
4.06365
6
0.05
4000
0.55
0.625
1.34987	1.31367	1.29454	1.29793	1.32244	1.36049	1.39321	1.39602	1.36795	1.33252	1.30949	1.30685	1.32367	1.35375	1.38281	1.39109	1.37299	1.34399	1.32205	1.31632	1.32738	1.32372	1.28487	1.24076	1.19885	1.16025	1.12438	1.09097	1.06033	1.03282	1.00871	0.988064	0.970791	0.956567	0.945136	0.936076	0.928995	0.923539	0.919379	0.916238	0.913854	0.913749	0.924591	0.955191	1.01345	1.10721	1.24326	1.41543	1.50056	1.35892	1.20088	1.09039	1.02462	0.996509	1.00083	1.03684	1.10835	1.22009	1.37002	1.49169	1.41229	1.26268	1.14982	1.07434	1.02427	0.990645	0.967606	0.951443	0.939846	0.931383	0.925125	0.920463	0.916992	0.914424	0.912487	0.911047	0.909994	0.909192	0.908597	0.908168	0.907836	0.909314	0.922143	0.95518	1.01646	1.11378	1.25377	1.42768	1.49663	1.34576	1.18984	1.08215	1.01878	0.992621	0.998643	1.03644	1.11001	1.22408	1.37596	1.4936	0	
0.1	0.681036	0.66343	0.663347	0.690405	0.724033	0.756492	0.760249	0.719864	0.699816	0.678019	0.675012	0.69361	0.719722	0.744238	0.754516	0.737651	0.710629	0.693737	0.6839	0.694439	0.687005	0.649939	0.606373	0.564468	0.525531	0.489465	0.455963	0.425211	0.397535	0.373294	0.352469	0.335202	0.320641	0.30907	0.29984	0.292563	0.286972	0.282718	0.279539	0.277033	0.279254	0.292121	0.324919	0.385947	0.477695	0.614017	0.776344	0.855181	0.725347	0.576076	0.495285	0.424472	0.370428	0.373825	0.409245	0.480872	0.59075	0.733353	0.846796	0.773499	0.634267	0.520579	0.442513	0.390806	0.356146	0.332374	0.315724	0.303793	0.295118	0.288671	0.283824	0.280241	0.277667	0.275631	0.274128	0.273093	0.272228	0.271591	0.271176	0.270795	0.276965	0.29223	0.324553	0.386476	0.484856	0.623839	0.788785	0.851739	0.71239	0.566475	0.491317	0.420505	0.366585	0.370747	0.408598	0.482912	0.594707	0.740689	0.848724	0	
1.24987	0.632635	0.631112	0.634583	0.63203	0.636461	0.63672	0.635772	0.648082	0.632704	0.631476	0.63184	0.630061	0.634028	0.638575	0.63657	0.635335	0.633363	0.628315	0.632422	0.632939	0.636711	0.634934	0.63439	0.634383	0.634721	0.634917	0.635008	0.635116	0.635285	0.63542	0.635595	0.635589	0.635926	0.636066	0.636236	0.636431	0.636566	0.636661	0.636699	0.636821	0.634495	0.63247	0.630272	0.627505	0.629513	0.629239	0.63909	0.645382	0.633575	0.624802	0.595104	0.600147	0.626081	0.627008	0.627596	0.62748	0.629343	0.636663	0.644897	0.638786	0.628409	0.629239	0.631822	0.63346	0.6345	0.635232	0.635719	0.636054	0.636265	0.636454	0.636639	0.636752	0.636757	0.636856	0.636919	0.636901	0.636964	0.637006	0.636992	0.637041	0.632349	0.629913	0.630628	0.629985	0.628928	0.629927	0.638891	0.644886	0.633374	0.623364	0.590834	0.598273	0.626036	0.627896	0.627846	0.627095	0.629371	0.635273	0.644878	0	
3.89981
6
0.05
4000
0.55
0.65
1.34987	1.31938	1.3106	1.32447	1.35877	1.40153	1.42711	1.41424	1.3765	1.34148	1.32496	1.3309	1.35632	1.3917	1.41765	1.41433	1.38622	1.35499	1.33717	1.33848	1.35679	1.35488	1.31408	1.26809	1.22479	1.18511	1.14828	1.1139	1.08229	1.05385	1.02884	1.00735	0.989281	0.974384	0.962328	0.952718	0.945156	0.939244	0.934675	0.931171	0.928484	0.928158	0.939263	0.97088	1.0305	1.12541	1.26205	1.43509	1.5272	1.38877	1.22841	1.11501	1.04665	1.01677	1.02046	1.05672	1.12881	1.24086	1.39084	1.51556	1.44099	1.29059	1.17587	1.09876	1.04736	1.01258	0.988479	0.971307	0.958753	0.949394	0.942348	0.936993	0.932904	0.929787	0.927439	0.925629	0.924254	0.923224	0.922419	0.921822	0.921364	0.922719	0.9355	0.96883	1.03057	1.12817	1.26785	1.44292	1.52573	1.37985	1.22003	1.10792	1.04069	1.01168	1.01598	1.05267	1.12523	1.23795	1.38913	1.51621	0	
0.1	0.663063	0.65405	0.667651	0.699149	0.740569	0.764066	0.752608	0.718301	0.679118	0.66849	0.67392	0.697898	0.730558	0.755493	0.752657	0.728916	0.691153	0.680212	0.678263	0.697247	0.692707	0.653898	0.608356	0.565058	0.525089	0.488091	0.453599	0.421905	0.393344	0.368178	0.346494	0.328292	0.313188	0.30097	0.291227	0.283564	0.277474	0.272776	0.269202	0.266437	0.266685	0.281961	0.315563	0.37525	0.471527	0.606124	0.771187	0.859308	0.732005	0.577761	0.496925	0.426112	0.365748	0.368612	0.405032	0.476093	0.586223	0.730336	0.845733	0.777624	0.636855	0.521742	0.441752	0.388779	0.352822	0.328034	0.310384	0.29748	0.28786	0.280695	0.275218	0.270982	0.267748	0.265407	0.263516	0.262083	0.261067	0.260195	0.259594	0.259113	0.26321	0.278303	0.312986	0.375446	0.473222	0.614172	0.78683	0.855079	0.720423	0.57026	0.493301	0.422489	0.360608	0.363746	0.399858	0.472382	0.583118	0.728649	0.855646	0	
1.24987	0.656321	0.656555	0.65682	0.659621	0.660963	0.663039	0.661631	0.658201	0.662358	0.656474	0.656979	0.658425	0.661144	0.662156	0.661676	0.657303	0.663839	0.656957	0.660215	0.659546	0.662174	0.660181	0.659738	0.659727	0.660025	0.660188	0.660303	0.660389	0.660505	0.660659	0.660851	0.66099	0.661196	0.661358	0.661491	0.661592	0.66177	0.661899	0.661968	0.662046	0.661472	0.657301	0.655317	0.655246	0.653886	0.655922	0.663908	0.667894	0.656762	0.650645	0.618087	0.620536	0.651024	0.651852	0.651684	0.652714	0.654638	0.6605	0.669831	0.663365	0.653736	0.654126	0.657004	0.658584	0.659755	0.660445	0.660924	0.661273	0.661533	0.661653	0.661775	0.661921	0.662039	0.662032	0.662113	0.66217	0.662157	0.662224	0.662228	0.662251	0.659509	0.657197	0.655844	0.65512	0.654946	0.653682	0.65609	0.670653	0.659431	0.649771	0.614621	0.618198	0.651075	0.652235	0.652808	0.652846	0.654833	0.660485	0.660562	0	
3.79275
6
0.05
4000
0.55
0.675
1.34987	1.32436	1.32392	1.34734	1.3912	1.43926	1.45894	1.43273	1.38653	1.35046	1.33777	1.35002	1.3829	1.42446	1.45018	1.43896	1.4028	1.36836	1.35163	1.3569	1.38099	1.38195	1.34038	1.29341	1.24922	1.2088	1.17117	1.13599	1.10359	1.0744	1.04866	1.02651	1.00786	0.992438	0.979908	0.969874	0.961927	0.955667	0.950773	0.946999	0.944044	0.943561	0.954731	0.98676	1.04706	1.1425	1.27913	1.45265	1.55399	1.42084	1.25768	1.14068	1.06908	1.03678	1.03907	1.07441	1.1456	1.25639	1.40538	1.53732	1.47527	1.32359	1.20529	1.12525	1.07175	1.0354	1.01005	0.991824	0.978347	0.968169	0.960376	0.954397	0.949769	0.946172	0.943434	0.941278	0.939615	0.938367	0.937351	0.936596	0.936005	0.937299	0.950325	0.98443	1.04725	1.14573	1.28586	1.46183	1.55282	1.41069	1.24826	1.13293	1.06282	1.03173	1.03497	1.07136	1.14376	1.25595	1.40655	1.53884	0	
0.1	0.643467	0.644406	0.663873	0.706692	0.752149	0.811559	0.744992	0.702613	0.669074	0.656308	0.664274	0.698874	0.736432	0.753424	0.751907	0.718003	0.671586	0.67721	0.66865	0.697225	0.694278	0.654829	0.608465	0.564226	0.523605	0.485703	0.450389	0.417934	0.388713	0.362769	0.34043	0.321663	0.306017	0.293313	0.283152	0.275099	0.268671	0.263625	0.259851	0.256786	0.258463	0.272275	0.306202	0.36691	0.463	0.598904	0.760693	0.856884	0.733793	0.583355	0.499291	0.428478	0.360875	0.362421	0.39696	0.466985	0.575744	0.720076	0.837918	0.784496	0.644401	0.527014	0.443265	0.387973	0.350504	0.324436	0.305715	0.291905	0.281478	0.27346	0.267407	0.262674	0.258921	0.256218	0.253961	0.252225	0.251029	0.249904	0.249151	0.248538	0.25246	0.267692	0.303503	0.367238	0.466134	0.605978	0.772955	0.85565	0.726106	0.573451	0.494303	0.423491	0.355939	0.357541	0.393929	0.465482	0.57691	0.721702	0.8438	0	
1.24987	0.680889	0.679518	0.683469	0.684506	0.687112	0.647378	0.687742	0.683917	0.681386	0.681465	0.685748	0.684024	0.688027	0.696752	0.687048	0.684802	0.696777	0.67442	0.688247	0.683762	0.687669	0.685548	0.684947	0.684999	0.685193	0.685462	0.685599	0.685658	0.685684	0.685892	0.686082	0.686201	0.686421	0.686594	0.686722	0.686828	0.686996	0.687148	0.687148	0.687258	0.685098	0.682456	0.680558	0.680152	0.679496	0.680223	0.691957	0.697111	0.687046	0.674324	0.641387	0.640599	0.675909	0.676649	0.67745	0.678617	0.680647	0.685306	0.699401	0.690771	0.679194	0.678272	0.681988	0.683775	0.684895	0.685616	0.68611	0.686442	0.686691	0.686916	0.68699	0.687095	0.687251	0.687216	0.687317	0.68739	0.687337	0.687447	0.687445	0.687467	0.684839	0.682632	0.680927	0.680012	0.679592	0.679882	0.688878	0.697169	0.684586	0.674813	0.638631	0.639327	0.675793	0.677427	0.677427	0.678279	0.679039	0.684846	0.695037	0	
3.70127
6
0.05
4000
0.55
0.7
1.34987	1.32802	1.33329	1.3645	1.41829	1.47457	1.49159	1.45321	1.39759	1.3579	1.34592	1.36204	1.40172	1.45207	1.48372	1.46879	1.42375	1.38219	1.36218	1.36772	1.39589	1.40146	1.36072	1.31425	1.27015	1.22945	1.19137	1.15569	1.12279	1.09315	1.06705	1.04459	1.02566	1.01001	0.997273	0.98703	0.978897	0.97245	0.967365	0.963417	0.960291	0.959806	0.971377	1.00444	1.06623	1.16327	1.30127	1.47591	1.57953	1.44703	1.28236	1.16355	1.09026	1.05682	1.05873	1.09443	1.16644	1.278	1.42756	1.56145	1.50258	1.35047	1.23084	1.14972	1.09522	1.05799	1.03181	1.01275	0.998517	0.98761	0.979183	0.972603	0.967494	0.963488	0.960343	0.957902	0.955969	0.954488	0.953316	0.952385	0.951671	0.95283	0.966002	1.00074	1.06443	1.16364	1.30388	1.48033	1.57953	1.44178	1.27684	1.15831	1.08531	1.05204	1.05409	1.08994	1.16207	1.27377	1.42393	1.561	0	
0.1	0.622384	0.62607	0.657332	0.708343	0.751716	0.749469	0.739946	0.687533	0.645162	0.642337	0.655136	0.692512	0.740067	0.769585	0.752986	0.714206	0.674917	0.661783	0.660545	0.687702	0.688206	0.649751	0.603962	0.559913	0.518862	0.480613	0.44484	0.411835	0.382115	0.355863	0.333286	0.314197	0.298377	0.285469	0.275044	0.266832	0.260232	0.254979	0.25104	0.247809	0.249456	0.263942	0.298404	0.360921	0.458777	0.59625	0.762396	0.856464	0.735895	0.582078	0.498744	0.427931	0.357438	0.356704	0.391824	0.463794	0.573113	0.716264	0.840772	0.787016	0.646056	0.526682	0.442839	0.386227	0.347829	0.32094	0.301337	0.286893	0.275714	0.267126	0.260347	0.255191	0.251095	0.247847	0.245378	0.243348	0.241884	0.240689	0.239702	0.23897	0.244115	0.25845	0.294991	0.358992	0.45843	0.597958	0.767782	0.856567	0.731612	0.576464	0.496743	0.425931	0.355118	0.35187	0.38744	0.458058	0.569023	0.713808	0.840379	0	
1.24987	0.705639	0.707218	0.707165	0.709945	0.722858	0.742118	0.713259	0.710055	0.712742	0.703581	0.706905	0.709209	0.712001	0.71413	0.715809	0.709544	0.707277	0.700398	0.707179	0.708184	0.713253	0.710965	0.710285	0.710237	0.710591	0.71076	0.710848	0.710957	0.711036	0.711184	0.711303	0.711467	0.711636	0.711804	0.711986	0.712065	0.712218	0.712385	0.712377	0.712482	0.71035	0.707434	0.706038	0.705306	0.704492	0.705016	0.713511	0.723062	0.711137	0.700286	0.664804	0.662326	0.699386	0.702021	0.702608	0.702642	0.704889	0.711295	0.720679	0.715561	0.704411	0.704162	0.706876	0.708997	0.710165	0.710867	0.711416	0.711623	0.711896	0.712057	0.712256	0.712303	0.712392	0.712496	0.712525	0.71262	0.712603	0.712627	0.712684	0.712701	0.708715	0.707552	0.705754	0.70544	0.705212	0.705917	0.712545	0.72296	0.710163	0.700373	0.661571	0.659375	0.696919	0.702225	0.702495	0.704009	0.704747	0.710124	0.720624	0	
3.64889
6
0.05
4000
0.55
0.725
1.34987	1.33103	1.34097	1.37912	1.44209	1.50739	1.52395	1.47486	1.40993	1.36538	1.35197	1.36978	1.41489	1.475	1.5167	1.50146	1.44736	1.397	1.37115	1.37455	1.40455	1.41388	1.37458	1.32952	1.2862	1.24571	1.20748	1.17164	1.13867	1.10903	1.08302	1.06072	1.04197	1.02649	1.0139	1.00376	0.995665	0.989268	0.984177	0.98016	0.977	0.9764	0.988044	1.02148	1.08378	1.18094	1.31843	1.49292	1.60548	1.48004	1.31331	1.19141	1.11527	1.07965	1.08035	1.11532	1.1866	1.29705	1.44546	1.58314	1.53386	1.38198	1.26027	1.17724	1.12131	1.08285	1.05554	1.03544	1.02022	1.00846	0.99929	0.992053	0.986376	0.981904	0.978351	0.9756	0.973366	0.971643	0.97027	0.969191	0.968328	0.969466	0.983018	1.01868	1.08361	1.18399	1.325	1.50211	1.6053	1.46983	1.30334	1.18286	1.10801	1.07347	1.07505	1.11088	1.18315	1.29479	1.44471	1.58414	0	
0.1	0.60132	0.610573	0.647505	0.704553	0.767638	0.783219	0.737816	0.676966	0.635157	0.640024	0.63803	0.6822	0.738075	0.776464	0.762595	0.713566	0.665278	0.640864	0.648327	0.671843	0.675083	0.638242	0.593838	0.550526	0.50977	0.471363	0.435483	0.40246	0.372704	0.346516	0.324127	0.305187	0.289582	0.276837	0.266533	0.258272	0.251831	0.2466	0.242487	0.239281	0.240838	0.255142	0.290341	0.353004	0.451056	0.5888	0.75456	0.903082	0.742016	0.587553	0.50224	0.431427	0.360615	0.353043	0.387335	0.458322	0.567444	0.709571	0.832702	0.792627	0.651526	0.53183	0.445096	0.387149	0.34753	0.319461	0.298867	0.283307	0.271351	0.262053	0.254609	0.24885	0.24431	0.240625	0.237914	0.235547	0.233826	0.23242	0.231326	0.230428	0.23427	0.250978	0.287791	0.353015	0.453579	0.594081	0.759862	0.856403	0.73205	0.578802	0.49692	0.426107	0.355295	0.348395	0.383438	0.455192	0.566179	0.709228	0.838151	0	
1.24987	0.729714	0.730393	0.731616	0.73754	0.739755	0.74073	0.737042	0.73296	0.730225	0.711942	0.73175	0.73269	0.736924	0.740241	0.738862	0.733791	0.731725	0.730283	0.726223	0.732706	0.738795	0.736338	0.735685	0.735673	0.735942	0.736119	0.736155	0.736208	0.73633	0.736509	0.736596	0.736779	0.736908	0.73706	0.737227	0.737393	0.737437	0.737577	0.737673	0.737719	0.735563	0.732902	0.73114	0.730772	0.729884	0.72963	0.738362	0.702401	0.738029	0.725756	0.689167	0.683839	0.719032	0.727304	0.727983	0.728274	0.729606	0.735894	0.750435	0.741234	0.730453	0.728439	0.732147	0.734163	0.735324	0.736077	0.736577	0.736912	0.737113	0.737236	0.737443	0.737526	0.737594	0.737726	0.737686	0.737819	0.737817	0.73785	0.737865	0.7379	0.735196	0.73204	0.730891	0.73059	0.730408	0.73092	0.742253	0.748894	0.737775	0.724535	0.685935	0.681907	0.71817	0.726652	0.727444	0.727954	0.728612	0.735483	0.745989	0	
3.5482
6
0.05
4000
0.55
0.75
1.34987	1.33368	1.34715	1.39054	1.46141	1.53658	1.55656	1.49952	1.42601	1.3758	1.3596	1.37685	1.42424	1.49146	1.5455	1.53648	1.47663	1.4171	1.38352	1.38176	1.40992	1.42136	1.38327	1.33974	1.29742	1.2573	1.2192	1.18357	1.15097	1.12186	1.09648	1.07483	1.05671	1.04181	1.02972	1.01998	1.0122	1.00602	1.00107	0.99719	0.994065	0.993648	1.00599	1.04077	1.10482	1.20372	1.34259	1.51787	1.6306	1.50487	1.3373	1.21426	1.137	1.10066	1.10135	1.13687	1.20905	1.32043	1.46948	1.60782	1.55964	1.40731	1.28469	1.20083	1.1442	1.10512	1.07721	1.05658	1.04081	1.02856	1.01892	1.01132	1.00529	1.00049	0.996721	0.993693	0.991311	0.989379	0.987898	0.986662	0.985712	0.986872	1.00109	1.03805	1.10463	1.2066	1.34881	1.52659	1.6305	1.49531	1.32802	1.20637	1.1304	1.09514	1.09671	1.1331	1.20624	1.31867	1.46901	1.60875	0	
0.1	0.57808	0.594364	0.635797	0.70114	0.766503	0.786137	0.744842	0.665781	0.621931	0.604883	0.619523	0.662324	0.729016	0.781365	0.771248	0.715933	0.657942	0.628972	0.623428	0.652778	0.657042	0.621545	0.578598	0.536255	0.495998	0.457807	0.422117	0.389432	0.360229	0.334737	0.312939	0.294654	0.279589	0.267371	0.257459	0.249558	0.243309	0.2382	0.234336	0.231113	0.232943	0.248427	0.284913	0.349617	0.449036	0.586784	0.759134	0.828035	0.741736	0.585944	0.501718	0.430905	0.360093	0.348579	0.384433	0.45601	0.565956	0.70901	0.833122	0.79286	0.652065	0.531398	0.44355	0.384845	0.344525	0.315844	0.294864	0.278713	0.266235	0.256373	0.248709	0.242543	0.23762	0.233834	0.230717	0.228319	0.226289	0.224851	0.223535	0.222589	0.228055	0.242985	0.281825	0.348719	0.451769	0.59447	0.761259	0.855879	0.733927	0.578127	0.496764	0.425952	0.355139	0.345436	0.380235	0.452884	0.564355	0.707592	0.833284	0	
1.24987	0.755596	0.752784	0.754739	0.760273	0.770075	0.770421	0.754675	0.760231	0.753865	0.754715	0.757331	0.761914	0.762439	0.764137	0.765234	0.760696	0.759162	0.754547	0.758337	0.75714	0.764322	0.76173	0.761137	0.761162	0.7613	0.761393	0.761449	0.761536	0.761632	0.761742	0.761886	0.762057	0.762221	0.762347	0.762517	0.76264	0.762709	0.762869	0.762854	0.762952	0.760705	0.757563	0.755857	0.7552	0.754685	0.755805	0.758738	0.802568	0.763132	0.75136	0.712539	0.706091	0.740567	0.752769	0.752436	0.753038	0.754477	0.760471	0.774701	0.766779	0.75525	0.753293	0.757276	0.759356	0.760593	0.761368	0.761714	0.762098	0.762324	0.762542	0.762614	0.762745	0.762873	0.762887	0.762976	0.762993	0.76309	0.763047	0.763128	0.763123	0.758817	0.758106	0.756229	0.755906	0.754827	0.754336	0.765328	0.774624	0.761383	0.749891	0.709604	0.704446	0.739999	0.751278	0.752868	0.753358	0.754317	0.761413	0.775463	0	
3.45843
6
0.05
4000
0.55
0.775
1.34987	1.33598	1.35222	1.39924	1.47598	1.56142	1.5898	1.52795	1.44539	1.3878	1.36597	1.37983	1.42683	1.49942	1.56896	1.57512	1.51267	1.44249	1.39816	1.38803	1.4108	1.42182	1.38467	1.34268	1.30152	1.26197	1.22447	1.18966	1.15817	1.13035	1.10634	1.08605	1.0692	1.05542	1.04427	1.03528	1.02814	1.02241	1.01786	1.01422	1.01128	1.01086	1.02313	1.05806	1.1224	1.22154	1.36016	1.53554	1.65615	1.53717	1.36764	1.2417	1.16174	1.12323	1.12248	1.15718	1.22872	1.33907	1.48706	1.62904	1.59117	1.43914	1.31408	1.22816	1.17002	1.12976	1.10087	1.07937	1.06286	1.04994	1.03975	1.03165	1.0252	1.02007	1.01596	1.01269	1.01008	1.008	1.00631	1.00497	1.00391	1.00492	1.0191	1.05642	1.1234	1.22541	1.36712	1.54473	1.65642	1.52733	1.35817	1.23379	1.15526	1.11799	1.11832	1.15412	1.22675	1.33839	1.48783	1.6305	0	
0.1	0.555781	0.572451	0.620221	0.690517	0.7707	0.748193	0.73993	0.663116	0.604213	0.587676	0.600827	0.64526	0.713081	0.777232	0.783433	0.726159	0.6612	0.629509	0.608378	0.629724	0.632054	0.597716	0.556205	0.514926	0.47531	0.437774	0.402848	0.371342	0.343404	0.319302	0.298844	0.281838	0.267881	0.256592	0.247386	0.240235	0.234391	0.229798	0.226108	0.223066	0.22478	0.240222	0.27703	0.341414	0.44183	0.57954	0.74698	0.849656	0.748745	0.591418	0.503581	0.432769	0.361956	0.345047	0.37919	0.4496	0.559577	0.702247	0.832272	0.797652	0.658483	0.535555	0.445851	0.385578	0.343999	0.314343	0.292361	0.275536	0.262378	0.252029	0.243798	0.237238	0.232019	0.227804	0.224496	0.22185	0.21973	0.218003	0.216612	0.215554	0.22075	0.2359	0.275074	0.342544	0.445623	0.585705	0.748192	0.855977	0.740031	0.583286	0.4987	0.427887	0.357075	0.34564	0.376574	0.448066	0.559271	0.703038	0.831994	0	
1.24987	0.780203	0.779769	0.779017	0.785466	0.790716	0.841604	0.788017	0.782274	0.783587	0.778292	0.779003	0.78157	0.786343	0.791731	0.791687	0.786507	0.781289	0.768651	0.779651	0.781076	0.789767	0.786949	0.786476	0.786596	0.786663	0.786694	0.786814	0.786833	0.786946	0.787041	0.787203	0.787364	0.787537	0.787677	0.787898	0.78791	0.788021	0.788063	0.788113	0.788217	0.786081	0.782907	0.781027	0.780984	0.779708	0.780625	0.788563	0.806495	0.78842	0.77622	0.738118	0.728975	0.761273	0.777432	0.777993	0.779124	0.779496	0.784815	0.796773	0.793523	0.780656	0.778529	0.78231	0.784442	0.785758	0.786531	0.787005	0.787323	0.787566	0.787718	0.787852	0.787965	0.788051	0.788154	0.788199	0.788234	0.788266	0.788312	0.788353	0.788351	0.784171	0.783202	0.781342	0.78086	0.779787	0.781414	0.796539	0.800448	0.787296	0.774887	0.735086	0.727375	0.760913	0.772677	0.777546	0.77868	0.779115	0.78479	0.798502	0	
