3
3.40062
1.12627	1.1932	1.16757	1.20229	1.17779	1.21429	1.03582	0.848519	0.72972	0.674622	0.650535	0.807913	1.35088	0.842578	1.04431	1.13406	0.827253	0.717508	0.669318	0.648152	0.638482	0.80611	1.34972	0.837713	1.04105	0	
8
3.66526
1.14922	1.19238	1.1788	1.20478	1.18421	1.2171	1.03499	0.848532	0.730242	0.67529	0.651176	0.810012	1.34954	0.842089	1.05011	1.12829	0.826525	0.717779	0.669866	0.648738	0.639079	0.808808	1.34792	0.837455	1.04885	0	
13
4.03152
1.15061	1.19208	1.17877	1.20495	1.18341	1.21758	1.03515	0.848653	0.730346	0.675365	0.651229	0.809754	1.35001	0.843426	1.05055	1.12831	0.827179	0.718154	0.670054	0.648835	0.639149	0.808887	1.34771	0.837354	1.04937	0	
18
4.49326
1.15097	1.1918	1.17943	1.20469	1.18398	1.21702	1.0351	0.84865	0.730353	0.675358	0.65124	0.81092	1.34941	0.843668	1.05272	1.12605	0.82692	0.718075	0.670022	0.648825	0.63915	0.808867	1.34722	0.836076	1.04813	0	
23
5.58673
1.15111	1.19225	1.17893	1.20529	1.18397	1.21809	1.03518	0.848687	0.730379	0.675386	0.651246	0.807177	1.35123	0.84324	1.0478	1.12968	0.825962	0.717528	0.669777	0.648729	0.639103	0.81068	1.34619	0.837173	1.05243	0	
28
6.53735
1.15119	1.19115	1.18021	1.20371	1.18507	1.21694	1.03516	0.848708	0.730382	0.675389	0.651254	0.809303	1.35044	0.843668	1.05072	1.12769	0.826283	0.717712	0.669869	0.648766	0.639122	0.809417	1.34736	0.836617	1.04917	0	
33
6.18626
1.15123	1.19204	1.17938	1.20519	1.18398	1.21788	1.03521	0.84872	0.730376	0.675376	0.651253	0.808426	1.35113	0.845406	1.05087	1.12862	0.828049	0.718617	0.670267	0.648938	0.639206	0.808635	1.34826	0.837699	1.04788	0	
38
7.10268
1.15125	1.19121	1.17993	1.2049	1.18419	1.21713	1.03508	0.848616	0.730341	0.675374	0.65124	0.809683	1.35031	0.844774	1.05203	1.12766	0.827929	0.718578	0.67025	0.648944	0.639207	0.810452	1.34667	0.837714	1.05136	0	
43
6.78761
1.15127	1.19241	1.17837	1.2053	1.18341	1.21795	1.03566	0.849018	0.730531	0.675442	0.65129	0.807128	1.35151	0.84428	1.04833	1.13042	0.827211	0.718158	0.670055	0.648847	0.63916	0.810914	1.3463	0.837323	1.052	0	
48
7.24419
1.15128	1.19161	1.17974	1.20454	1.18463	1.2175	1.03501	0.848575	0.730317	0.675363	0.651245	0.80874	1.35074	0.843676	1.04938	1.12941	0.827588	0.718361	0.670168	0.648901	0.639187	0.810671	1.34688	0.83759	1.05156	0	
53
7.42094
1.15129	1.19146	1.18015	1.20482	1.18438	1.21736	1.03494	0.848535	0.730299	0.675368	0.651235	0.807632	1.35123	0.843003	1.04708	1.13078	0.827124	0.718088	0.670026	0.648864	0.639163	0.80663	1.34927	0.837472	1.04593	0	
58
7.8903
1.1513	1.19257	1.17822	1.20502	1.18376	1.21779	1.03528	0.848772	0.730415	0.675394	0.651262	0.808183	1.3512	0.844889	1.04991	1.12969	0.828343	0.718739	0.670324	0.64899	0.639223	0.809604	1.34639	0.835555	1.04949	0	
63
8.24127
1.1513	1.19191	1.17925	1.20433	1.18473	1.21667	1.03488	0.848516	0.730287	0.67532	0.651226	0.807885	1.35136	0.844658	1.04991	1.12927	0.827744	0.71846	0.670186	0.64891	0.639193	0.808975	1.34709	0.835848	1.04839	0	
68
8.866
1.1513	1.19186	1.17929	1.20497	1.18436	1.21765	1.03512	0.848652	0.730348	0.675364	0.651243	0.807717	1.35137	0.843984	1.04784	1.13068	0.827409	0.718247	0.670099	0.648893	0.639177	0.811113	1.34572	0.835525	1.05082	0	
73
9.11997
1.15131	1.19101	1.18033	1.20426	1.18486	1.21631	1.03497	0.848584	0.730318	0.675337	0.651236	0.809143	1.3502	0.843834	1.05143	1.12766	0.827233	0.718202	0.670085	0.648865	0.639171	0.808293	1.34816	0.837691	1.04918	0	
78
9.38751
1.15131	1.19134	1.1798	1.20409	1.1843	1.21727	1.03521	0.848733	0.730372	0.67538	0.651244	0.807714	1.35133	0.842794	1.04652	1.132	0.828204	0.71863	0.670254	0.648953	0.63921	0.810392	1.34679	0.838527	1.05284	0	
83
10.3676
1.15131	1.19134	1.18006	1.20467	1.18482	1.21691	1.03497	0.848576	0.730315	0.67534	0.651244	0.807469	1.35133	0.843454	1.04779	1.13086	0.827977	0.718526	0.670234	0.648941	0.6392	0.807907	1.34802	0.835908	1.04655	0	
88
11.477
1.15131	1.19169	1.17944	1.20436	1.18507	1.21767	1.03522	0.848732	0.730392	0.675386	0.651257	0.808744	1.35103	0.844018	1.04891	1.12972	0.82752	0.718309	0.67014	0.6489	0.639183	0.810666	1.34674	0.837626	1.05163	0	
93
10.9346
1.15132	1.1913	1.18068	1.20522	1.18473	1.21819	1.03488	0.848489	0.730265	0.675338	0.65122	0.806427	1.35218	0.844331	1.0468	1.13202	0.82832	0.718685	0.670298	0.648975	0.639224	0.807895	1.34835	0.838208	1.0487	0	
98
11.6434
1.15132	1.19129	1.18007	1.20395	1.18479	1.21697	1.0353	0.848817	0.730439	0.675404	0.651271	0.808666	1.35089	0.844171	1.05026	1.12857	0.827447	0.718288	0.67013	0.648904	0.63918	0.808272	1.34841	0.838517	1.04932	0	
