3
3.39158
1.12627	1.09477	1.09757	1.13161	1.1932	1.25909	1.27743	1.23023	1.16757	1.12806	1.1234	1.15096	1.20229	1.25398	1.26555	1.22779	1.17779	1.14699	1.14579	1.17149	1.21429	1.20991	1.15241	1.09135	1.03582	0.984558	0.935911	0.890268	0.848519	0.811378	0.779277	0.752151	0.72972	0.711371	0.696477	0.68442	0.674622	0.666683	0.660188	0.654878	0.650535	0.650614	0.670198	0.72137	0.807913	0.930065	1.08804	1.27238	1.35088	1.19678	1.0305	0.911516	0.842578	0.824238	0.85467	0.929036	1.04431	1.19502	1.33224	1.28574	1.13406	1.01249	0.930301	0.871934	0.827253	0.791186	0.761594	0.737294	0.717508	0.701445	0.688426	0.677888	0.669318	0.662349	0.656644	0.651978	0.648152	0.645	0.642422	0.64027	0.638482	0.640274	0.662278	0.716451	0.80611	0.931198	1.09178	1.27769	1.34972	1.19155	1.02516	0.906393	0.837713	0.819669	0.850476	0.925294	1.04105	1.19237	1.33177	1.288	0	
0.1	0.591874	0.591124	0.631771	0.687134	0.750693	0.767603	0.714605	0.663248	0.625221	0.619605	0.647411	0.702661	0.7473	0.749531	0.720433	0.672984	0.643238	0.641541	0.666196	0.709637	0.701164	0.645761	0.585183	0.529383	0.478041	0.429342	0.38367	0.342014	0.304795	0.272821	0.245545	0.223127	0.204679	0.189706	0.177637	0.167749	0.159859	0.153317	0.14798	0.143647	0.145149	0.166115	0.21806	0.304502	0.426935	0.583922	0.762959	0.837227	0.694845	0.545087	0.474274	0.403462	0.332649	0.353443	0.4274	0.542222	0.689093	0.818899	0.774285	0.631188	0.510348	0.425396	0.36608	0.321096	0.284647	0.255101	0.230627	0.210882	0.19476	0.181642	0.171078	0.162444	0.155475	0.149731	0.145057	0.141241	0.138082	0.135539	0.133361	0.131531	0.134976	0.158416	0.213178	0.303586	0.428374	0.58812	0.762835	0.835381	0.686748	0.541798	0.471086	0.400273	0.329461	0.349726	0.423406	0.538868	0.6901	0.816241	0.777764	0	
8
3.76182
1.14922	1.11355	1.11096	1.13851	1.19238	1.25195	1.27259	1.23484	1.1788	1.14135	1.13544	1.15941	1.20478	1.24973	1.25985	1.22774	1.18421	1.1571	1.15671	1.18003	1.2171	1.2087	1.15101	1.09021	1.03499	0.983946	0.935524	0.89008	0.848532	0.811551	0.77959	0.752585	0.730242	0.711957	0.697099	0.685049	0.67529	0.667339	0.660846	0.655532	0.651176	0.651386	0.671316	0.723073	0.810012	0.932826	1.09157	1.27606	1.34954	1.19309	1.02764	0.909751	0.842089	0.825213	0.857145	0.93316	1.05011	1.20201	1.33539	1.28016	1.12829	1.00858	0.927986	0.870616	0.826525	0.790884	0.76153	0.737453	0.717779	0.701803	0.688873	0.67839	0.669866	0.662913	0.65724	0.652566	0.648738	0.645564	0.64299	0.640855	0.639079	0.640928	0.663439	0.718353	0.808808	0.934651	1.09604	1.28201	1.34792	1.18704	1.02173	0.904447	0.837455	0.821293	0.854039	0.930931	1.04885	1.20179	1.33605	1.27955	0	
0.1	0.61044	0.608182	0.623974	0.682047	0.743344	0.748711	0.726674	0.673514	0.636552	0.631815	0.655373	0.70141	0.741219	0.749805	0.720264	0.674358	0.64752	0.652001	0.674601	0.710051	0.69991	0.644445	0.58399	0.528523	0.477263	0.428978	0.383511	0.342119	0.304963	0.273075	0.245928	0.223636	0.205269	0.190329	0.178204	0.168482	0.160504	0.15398	0.148641	0.144268	0.145747	0.167387	0.219445	0.307091	0.429444	0.587258	0.766198	0.835805	0.685605	0.544427	0.473615	0.402802	0.332022	0.355926	0.431302	0.549775	0.695793	0.822232	0.769907	0.626513	0.506154	0.423093	0.364692	0.320221	0.284544	0.254938	0.230901	0.21111	0.195025	0.182088	0.171603	0.163056	0.156068	0.150399	0.145672	0.141824	0.13858	0.136057	0.133929	0.132127	0.135427	0.160667	0.214902	0.304783	0.432364	0.591687	0.766389	0.833231	0.681387	0.540575	0.469762	0.39895	0.328137	0.352264	0.428844	0.54571	0.695037	0.818266	0.773709	0	
13
4.14652
1.15061	1.11462	1.11156	1.13864	1.19208	1.25153	1.27254	1.23505	1.17877	1.141	1.13505	1.15924	1.20495	1.25038	1.26027	1.22747	1.18341	1.1564	1.15641	1.18018	1.21758	1.20914	1.15129	1.09041	1.03515	0.984091	0.93566	0.890211	0.848653	0.811679	0.779715	0.7527	0.730346	0.712041	0.697173	0.685134	0.675365	0.667399	0.660913	0.655587	0.651229	0.651218	0.670753	0.722572	0.809754	0.932539	1.09126	1.27584	1.35001	1.19448	1.02898	0.911078	0.843426	0.826561	0.858302	0.933948	1.05055	1.20217	1.33531	1.27993	1.12831	1.00898	0.928588	0.871292	0.827179	0.791474	0.762053	0.737895	0.718154	0.702119	0.68914	0.678605	0.670054	0.663069	0.657366	0.652687	0.648835	0.645679	0.643071	0.640937	0.639149	0.641008	0.663648	0.718562	0.808887	0.934747	1.09629	1.28233	1.34771	1.18668	1.02144	0.904251	0.837354	0.821254	0.85404	0.931198	1.04937	1.20268	1.33659	1.27841	0	
0.1	0.611487	0.610883	0.636076	0.685652	0.742915	0.762911	0.727493	0.674059	0.63965	0.631138	0.654552	0.699436	0.74177	0.751281	0.719542	0.664618	0.652534	0.651904	0.675111	0.709835	0.70042	0.6446	0.584188	0.528694	0.477464	0.429086	0.383577	0.342143	0.305103	0.273253	0.246106	0.223768	0.205337	0.190371	0.178344	0.168573	0.16056	0.154071	0.148685	0.144325	0.145639	0.166379	0.219172	0.30607	0.429636	0.587084	0.762753	0.83556	0.688513	0.543196	0.472398	0.401585	0.330874	0.357052	0.431731	0.548166	0.702056	0.822154	0.77292	0.625409	0.50644	0.423674	0.365379	0.32077	0.285066	0.255454	0.231339	0.211484	0.195362	0.182369	0.171801	0.163253	0.156219	0.150505	0.145792	0.141904	0.138754	0.136129	0.134024	0.132207	0.135293	0.159507	0.215192	0.305358	0.431212	0.595058	0.768527	0.832322	0.68177	0.540639	0.469826	0.399014	0.328201	0.35278	0.429257	0.547535	0.696396	0.823787	0.768454	0	
18
4.59696
1.15097	1.1149	1.11172	1.13863	1.1918	1.25109	1.2725	1.23558	1.17943	1.14158	1.1354	1.15918	1.20469	1.25005	1.26011	1.22757	1.18398	1.15685	1.1563	1.17972	1.21702	1.20882	1.15111	1.09031	1.0351	0.984062	0.935641	0.890192	0.84865	0.811681	0.779722	0.752699	0.730353	0.712045	0.697178	0.685128	0.675358	0.667409	0.660909	0.655603	0.65124	0.651502	0.671613	0.72361	0.81092	0.933818	1.09276	1.27723	1.34941	1.19344	1.02836	0.910889	0.843668	0.827233	0.859444	0.935616	1.05272	1.20465	1.33614	1.27749	1.12605	1.00758	0.927827	0.870859	0.82692	0.791294	0.761919	0.73779	0.718075	0.702063	0.689091	0.678564	0.670022	0.663053	0.657345	0.652673	0.648825	0.645668	0.643075	0.640947	0.63915	0.640976	0.66326	0.718324	0.808867	0.934916	1.09656	1.28262	1.34722	1.18519	1.01999	0.902877	0.836076	0.820135	0.85309	0.93013	1.04813	1.20126	1.33605	1.28007	0	
0.1	0.611758	0.615223	0.634543	0.684341	0.742539	0.748839	0.728104	0.672404	0.638254	0.633663	0.654492	0.69815	0.741212	0.751077	0.71625	0.674806	0.646596	0.651658	0.6684	0.714086	0.700116	0.644502	0.584082	0.528661	0.477435	0.429083	0.383501	0.342172	0.305156	0.27329	0.246063	0.223787	0.205358	0.190422	0.17831	0.168539	0.160581	0.154042	0.148732	0.144335	0.145839	0.167664	0.219911	0.307848	0.430754	0.588945	0.766882	0.835038	0.687859	0.543746	0.47329	0.402478	0.331665	0.357835	0.433378	0.550421	0.701355	0.823504	0.766571	0.623961	0.504957	0.422963	0.364903	0.320609	0.284897	0.255341	0.231205	0.211394	0.195303	0.182306	0.171723	0.163201	0.156206	0.150461	0.14577	0.141882	0.138721	0.136142	0.134051	0.132203	0.135602	0.159823	0.214567	0.305794	0.43117	0.592016	0.772431	0.833736	0.680371	0.539817	0.469038	0.398226	0.327413	0.351815	0.427407	0.54589	0.69376	0.822772	0.769585	0	
23
4.9595
1.15111	1.11501	1.11178	1.13882	1.19225	1.25155	1.27233	1.23499	1.17893	1.14144	1.1356	1.15973	1.20529	1.25023	1.25983	1.22721	1.18397	1.15741	1.15732	1.18092	1.21809	1.20941	1.15144	1.09047	1.03518	0.984122	0.935691	0.890242	0.848687	0.811712	0.779738	0.752733	0.730379	0.71207	0.69719	0.685161	0.675386	0.667419	0.660933	0.655605	0.651246	0.651138	0.670172	0.720954	0.807177	0.929298	1.08742	1.2722	1.35123	1.19691	1.03058	0.911786	0.84324	0.825514	0.8564	0.931556	1.0478	1.19928	1.33445	1.28216	1.12968	1.00899	0.927767	0.870107	0.825962	0.79036	0.761097	0.7371	0.717528	0.701601	0.688712	0.67827	0.669777	0.662851	0.657191	0.652521	0.648729	0.645582	0.643021	0.640878	0.639103	0.641166	0.663998	0.719541	0.81068	0.93727	1.09944	1.2853	1.34619	1.18367	1.01929	0.903073	0.837173	0.822116	0.855773	0.933633	1.05243	1.20591	1.33757	1.27603	0	
0.1	0.611866	0.609527	0.636285	0.686006	0.742589	0.731014	0.726951	0.666781	0.638335	0.632389	0.654834	0.699022	0.738441	0.750893	0.718506	0.661078	0.638964	0.652487	0.675796	0.710894	0.700706	0.644827	0.584239	0.528732	0.477495	0.429122	0.383605	0.342195	0.305133	0.273191	0.246125	0.223802	0.205358	0.190332	0.178389	0.168593	0.160582	0.154093	0.148707	0.14434	0.145753	0.166032	0.217576	0.304229	0.426126	0.583612	0.769636	0.838121	0.69074	0.544255	0.473466	0.402653	0.337287	0.354093	0.429579	0.545367	0.697854	0.821042	0.770961	0.627115	0.506586	0.422868	0.364118	0.319648	0.283944	0.254469	0.230513	0.210945	0.194842	0.181895	0.171452	0.162933	0.155986	0.150317	0.145549	0.141815	0.138636	0.136124	0.133964	0.132155	0.135696	0.162022	0.216118	0.307413	0.433997	0.595717	0.774193	0.832715	0.676968	0.538834	0.468181	0.397368	0.326556	0.355364	0.431289	0.5499	0.699541	0.825355	0.768834	0	
28
5.27837
1.15119	1.11506	1.1118	1.13826	1.19115	1.25058	1.27247	1.23607	1.18021	1.14234	1.13562	1.15882	1.20371	1.24914	1.2601	1.22847	1.18507	1.15781	1.15692	1.17992	1.21694	1.20881	1.15116	1.09039	1.03516	0.984132	0.935706	0.890267	0.848708	0.811728	0.779753	0.752739	0.730382	0.712081	0.697216	0.685158	0.675389	0.667434	0.66093	0.655621	0.651254	0.651348	0.67104	0.722518	0.809303	0.931784	1.09032	1.27499	1.35044	1.1954	1.02968	0.911552	0.843668	0.826575	0.858177	0.933966	1.05072	1.20246	1.3355	1.27962	1.12769	1.00811	0.927615	0.87031	0.826283	0.790687	0.761385	0.737342	0.717712	0.701761	0.68884	0.678375	0.669869	0.662918	0.657247	0.652572	0.648766	0.645612	0.643042	0.6409	0.639122	0.641099	0.66381	0.718857	0.809417	0.935457	1.09729	1.28336	1.34736	1.18582	1.02062	0.903471	0.836617	0.820624	0.853526	0.930813	1.04917	1.20256	1.33657	1.27839	0	
0.1	0.61192	0.607947	0.634166	0.68455	0.74211	0.762724	0.728452	0.675105	0.612182	0.631685	0.654076	0.701427	0.740647	0.750682	0.718453	0.665434	0.635501	0.66035	0.674879	0.703863	0.700096	0.644524	0.584183	0.528606	0.477538	0.429129	0.383667	0.342212	0.30514	0.273223	0.24609	0.223775	0.205376	0.190451	0.178324	0.168587	0.160613	0.154067	0.148754	0.144352	0.14597	0.167218	0.219324	0.305618	0.428597	0.587532	0.765392	0.83443	0.687079	0.543998	0.473212	0.402399	0.331587	0.357526	0.432755	0.547813	0.696043	0.821907	0.770684	0.624548	0.505544	0.422667	0.364325	0.319993	0.284306	0.2548	0.230749	0.21108	0.19502	0.182022	0.171563	0.163048	0.156055	0.150373	0.145616	0.14185	0.13866	0.136135	0.133985	0.132182	0.135656	0.160159	0.215309	0.306016	0.433261	0.596398	0.773505	0.833342	0.680075	0.540852	0.47004	0.399227	0.328415	0.351184	0.428587	0.547238	0.696437	0.821223	0.76831	0	
33
5.62992
1.15123	1.11509	1.11182	1.13859	1.19204	1.25144	1.27256	1.23534	1.17938	1.14193	1.13585	1.15968	1.20519	1.25011	1.25991	1.22749	1.18398	1.1572	1.15712	1.18075	1.21788	1.20935	1.15144	1.0905	1.03521	0.984159	0.935719	0.890282	0.84872	0.811736	0.779764	0.752738	0.730376	0.712083	0.697209	0.685153	0.675376	0.66742	0.660907	0.65561	0.651253	0.6512	0.67067	0.721867	0.808426	0.93045	1.08841	1.27281	1.35113	1.19784	1.032	0.91359	0.845406	0.828008	0.859351	0.934647	1.05087	1.2021	1.33495	1.27977	1.12862	1.00962	0.929424	0.872188	0.828049	0.792251	0.76272	0.738454	0.718617	0.702506	0.689446	0.678863	0.670267	0.663245	0.657513	0.652808	0.648938	0.645769	0.64315	0.641005	0.639206	0.641157	0.663486	0.718391	0.808635	0.934156	1.0954	1.28142	1.34826	1.18781	1.02235	0.904882	0.837699	0.821372	0.85381	0.930372	1.04788	1.20056	1.3356	1.28066	0	
0.1	0.611951	0.606393	0.634389	0.685684	0.741733	0.751304	0.727803	0.672693	0.638901	0.630085	0.655689	0.699061	0.740674	0.751049	0.694559	0.679185	0.652313	0.656882	0.675118	0.710838	0.700686	0.644829	0.584294	0.528681	0.47756	0.429078	0.383685	0.342213	0.305134	0.273264	0.246083	0.223749	0.205416	0.190438	0.178315	0.168535	0.160569	0.153972	0.14872	0.144351	0.145359	0.166783	0.218751	0.304886	0.42751	0.585051	0.760628	0.838431	0.690452	0.545533	0.474666	0.403854	0.333041	0.357908	0.432507	0.548953	0.695874	0.819815	0.770834	0.626331	0.507248	0.424517	0.36618	0.321694	0.285836	0.256108	0.231878	0.21194	0.195774	0.182647	0.172057	0.163462	0.156389	0.15065	0.145906	0.142003	0.138843	0.136213	0.134095	0.132267	0.135694	0.159167	0.214617	0.305123	0.430981	0.595017	0.771218	0.832749	0.682969	0.540972	0.47016	0.399347	0.328535	0.352411	0.428359	0.545831	0.693739	0.822832	0.770547	0	
38
6.08485
1.15125	1.11511	1.11183	1.13826	1.19121	1.2507	1.27258	1.236	1.17993	1.14195	1.13569	1.1594	1.2049	1.25015	1.26018	1.2277	1.18419	1.15728	1.15662	1.17989	1.21713	1.20883	1.1511	1.09029	1.03508	0.984042	0.935626	0.890172	0.848616	0.811648	0.779686	0.752685	0.730341	0.71204	0.697173	0.685145	0.675374	0.667419	0.66092	0.655612	0.65124	0.651252	0.670925	0.722644	0.809683	0.932159	1.09059	1.27502	1.35031	1.19579	1.03035	0.912438	0.844774	0.827889	0.859655	0.935369	1.05203	1.20357	1.3355	1.27875	1.12766	1.00902	0.92909	0.872004	0.827929	0.79217	0.762659	0.738411	0.718578	0.702466	0.689425	0.67885	0.67025	0.663248	0.657511	0.652808	0.648944	0.645762	0.643149	0.641	0.639207	0.641059	0.663973	0.719465	0.810452	0.936756	1.09852	1.28431	1.34667	1.1849	1.02034	0.903886	0.837714	0.822383	0.85575	0.933095	1.05136	1.2045	1.33691	1.27719	0	
0.1	0.61197	0.606368	0.634979	0.669375	0.741834	0.715721	0.728652	0.675157	0.638616	0.631164	0.651026	0.696901	0.741639	0.751204	0.720433	0.680109	0.653084	0.652256	0.674502	0.709546	0.700158	0.644461	0.584037	0.52864	0.477404	0.429092	0.383489	0.342105	0.305079	0.273171	0.246074	0.223772	0.205324	0.190348	0.178374	0.168589	0.16061	0.154071	0.148756	0.144326	0.14553	0.167304	0.219087	0.305817	0.428709	0.58666	0.765245	0.835945	0.689048	0.544255	0.473423	0.402611	0.332685	0.357874	0.433481	0.549411	0.701038	0.820514	0.768853	0.625396	0.506489	0.424127	0.366083	0.321574	0.28576	0.256046	0.231864	0.211904	0.195677	0.182647	0.172067	0.163437	0.156433	0.150654	0.145919	0.142024	0.13882	0.13621	0.134078	0.132268	0.135563	0.160561	0.216228	0.306956	0.433303	0.596287	0.774914	0.832522	0.680625	0.539975	0.469163	0.39835	0.327538	0.35432	0.430969	0.548969	0.695064	0.823795	0.768093	0	
43
6.50296
1.15127	1.11513	1.11184	1.13874	1.19241	1.25204	1.27278	1.23472	1.17837	1.14083	1.13499	1.15934	1.2053	1.25059	1.26008	1.22709	1.18341	1.1568	1.1569	1.18068	1.21795	1.21	1.15208	1.09103	1.03566	0.984584	0.936106	0.890657	0.849018	0.812008	0.779984	0.752943	0.730531	0.71222	0.697331	0.685251	0.675442	0.667471	0.660965	0.655642	0.65129	0.651177	0.670346	0.721094	0.807128	0.928945	1.08667	1.27114	1.35151	1.19822	1.03187	0.912966	0.84428	0.826392	0.857263	0.932314	1.04833	1.19956	1.33423	1.28212	1.13042	1.01013	0.92906	0.871434	0.827211	0.791456	0.762045	0.737875	0.718158	0.702137	0.68914	0.678596	0.670055	0.663069	0.657364	0.652689	0.648847	0.645697	0.643101	0.64095	0.63916	0.641261	0.664204	0.719872	0.810914	0.937141	1.099	1.28471	1.3463	1.18424	1.01973	0.903377	0.837323	0.822127	0.855762	0.933447	1.052	1.20539	1.3374	1.27654	0	
0.1	0.611983	0.606411	0.634047	0.686304	0.746277	0.763169	0.722191	0.665453	0.632773	0.630213	0.654504	0.695377	0.742121	0.751152	0.719858	0.67837	0.630271	0.652021	0.675765	0.710866	0.701258	0.645401	0.58476	0.52914	0.47803	0.429419	0.384203	0.342383	0.305471	0.273444	0.246365	0.223842	0.205562	0.190607	0.17846	0.168576	0.160589	0.154067	0.148723	0.144392	0.145901	0.1661	0.217563	0.303446	0.425849	0.582657	0.76148	0.837459	0.692426	0.545653	0.474871	0.404058	0.333246	0.356177	0.429821	0.546346	0.692461	0.821508	0.772423	0.627972	0.507878	0.424141	0.365503	0.320961	0.285009	0.255505	0.23123	0.211512	0.195422	0.182334	0.171699	0.163217	0.156174	0.150452	0.145767	0.141904	0.13877	0.136189	0.134029	0.132201	0.135934	0.162345	0.216663	0.307271	0.433669	0.594314	0.774413	0.832275	0.678746	0.539583	0.46877	0.397958	0.327145	0.3544	0.431214	0.549619	0.698617	0.822862	0.766635	0	
48
6.87382
1.15128	1.11514	1.11184	1.13851	1.19161	1.25093	1.27232	1.23553	1.17974	1.14205	1.13587	1.15942	1.20454	1.24966	1.26002	1.22801	1.18463	1.15779	1.15722	1.18043	1.2175	1.20885	1.15106	1.09024	1.03501	0.983982	0.935563	0.89014	0.848575	0.811642	0.779667	0.752687	0.730317	0.712025	0.697183	0.685155	0.675363	0.667414	0.660928	0.655612	0.651245	0.651127	0.670534	0.721942	0.80874	0.930998	1.0891	1.27354	1.35074	1.19608	1.03017	0.911808	0.843676	0.826347	0.857781	0.933135	1.04938	1.20078	1.33467	1.28095	1.12941	1.00977	0.929166	0.87176	0.827588	0.791831	0.762349	0.738141	0.718361	0.702301	0.689282	0.678735	0.670168	0.663159	0.657446	0.652758	0.648901	0.645732	0.643113	0.64097	0.639187	0.641067	0.664165	0.719798	0.810671	0.936706	1.09832	1.284	1.34688	1.18531	1.02058	0.903937	0.83759	0.8221	0.855383	0.932954	1.05156	1.20501	1.3373	1.27698	0	
0.1	0.611992	0.606418	0.632487	0.68566	0.741174	0.762711	0.727607	0.674325	0.629237	0.638319	0.659769	0.699428	0.741594	0.751057	0.720747	0.667003	0.653652	0.65274	0.674495	0.710437	0.700144	0.64443	0.584045	0.528496	0.477358	0.428969	0.383587	0.341943	0.305171	0.273112	0.246154	0.223665	0.205276	0.19045	0.178439	0.168561	0.160597	0.154099	0.148753	0.14434	0.145809	0.166754	0.218444	0.305309	0.427569	0.585533	0.764121	0.837574	0.687813	0.545066	0.47429	0.403477	0.332665	0.356296	0.4313	0.546895	0.692489	0.817533	0.773642	0.626346	0.50716	0.424214	0.365873	0.321287	0.285463	0.255728	0.231555	0.211674	0.195559	0.182479	0.171952	0.163386	0.156312	0.150592	0.145875	0.141987	0.138804	0.13616	0.134038	0.132249	0.135576	0.160236	0.216648	0.307237	0.433512	0.594895	0.767548	0.832063	0.679953	0.540409	0.469822	0.399009	0.328197	0.354175	0.43095	0.549208	0.69821	0.824146	0.765837	0	
53
7.32219
1.15129	1.11514	1.11184	1.13848	1.19146	1.25061	1.27225	1.2359	1.18015	1.14252	1.13621	1.15973	1.20482	1.24973	1.25979	1.22767	1.18438	1.15761	1.15724	1.18047	1.21736	1.20865	1.15091	1.09014	1.03494	0.983917	0.93551	0.890079	0.848535	0.811594	0.77963	0.752651	0.730299	0.71201	0.697163	0.685128	0.675368	0.667405	0.660912	0.655618	0.651235	0.651115	0.670198	0.721149	0.807632	0.929848	1.08795	1.27255	1.35123	1.19718	1.03079	0.911781	0.843003	0.825029	0.855914	0.930972	1.04708	1.19853	1.33402	1.28273	1.13078	1.01026	0.929072	0.871392	0.827124	0.791361	0.761963	0.737807	0.718088	0.702086	0.68912	0.678586	0.670026	0.663064	0.657354	0.652693	0.648864	0.645699	0.643094	0.640923	0.639163	0.64101	0.662856	0.71702	0.80663	0.93189	1.09306	1.27942	1.34927	1.18967	1.02356	0.905378	0.837472	0.820432	0.852334	0.928591	1.04593	1.19858	1.33494	1.28205	0	
0.1	0.611998	0.606419	0.63642	0.679247	0.742353	0.761241	0.728236	0.677129	0.637442	0.631709	0.655003	0.698329	0.741131	0.751842	0.719473	0.679328	0.653621	0.652688	0.671215	0.707068	0.699934	0.644287	0.583941	0.528437	0.477269	0.428955	0.383448	0.34197	0.3051	0.273074	0.2461	0.22369	0.205294	0.190408	0.178362	0.168611	0.160589	0.154066	0.148793	0.144324	0.145837	0.166221	0.217614	0.304164	0.426592	0.585477	0.765803	0.836878	0.691281	0.546008	0.475426	0.404614	0.333801	0.353836	0.428835	0.545386	0.691996	0.820573	0.774094	0.628409	0.507553	0.424147	0.365654	0.320881	0.284876	0.255443	0.231187	0.211377	0.195373	0.1824	0.171788	0.163175	0.15622	0.150466	0.145813	0.141988	0.138799	0.136179	0.133955	0.132226	0.134913	0.158942	0.213347	0.303091	0.42896	0.59161	0.764049	0.835388	0.687409	0.541758	0.470945	0.400133	0.33229	0.351094	0.426589	0.543859	0.692064	0.820661	0.770649	0	
58
7.8995
1.1513	1.11515	1.11185	1.13892	1.19257	1.25194	1.27244	1.23463	1.17822	1.14067	1.13498	1.15923	1.20502	1.25028	1.25997	1.22725	1.18376	1.15708	1.15704	1.18066	1.21779	1.20942	1.15151	1.09057	1.03528	0.984223	0.935788	0.890329	0.848772	0.811787	0.779816	0.752785	0.730415	0.712108	0.697232	0.685176	0.675394	0.667437	0.660937	0.655621	0.651262	0.65121	0.670553	0.721731	0.808183	0.93027	1.08826	1.27263	1.3512	1.19792	1.03187	0.913259	0.844889	0.827298	0.858472	0.93367	1.04991	1.2012	1.33463	1.28077	1.12969	1.01036	0.929929	0.872579	0.828343	0.792482	0.76292	0.738609	0.718739	0.702615	0.689547	0.678933	0.670324	0.663289	0.657555	0.652859	0.64899	0.6458	0.643166	0.640997	0.639223	0.641197	0.663742	0.718867	0.809604	0.935988	1.0981	1.28425	1.34639	1.18341	1.01857	0.901899	0.835555	0.820076	0.853544	0.931022	1.04949	1.20293	1.33678	1.27795	0	
0.1	0.612003	0.606418	0.634859	0.687004	0.735342	0.713625	0.720305	0.665581	0.63637	0.632538	0.650732	0.698763	0.745532	0.751376	0.714044	0.676845	0.653131	0.64365	0.672626	0.712685	0.700685	0.644887	0.584383	0.528845	0.477601	0.429204	0.383623	0.342276	0.305198	0.273365	0.246171	0.223791	0.205416	0.190455	0.178363	0.168558	0.160587	0.154054	0.14872	0.14435	0.14617	0.16661	0.218274	0.304463	0.427192	0.584679	0.762758	0.836792	0.693188	0.544835	0.473965	0.403152	0.33234	0.357126	0.432034	0.547847	0.695714	0.820593	0.772378	0.627199	0.507688	0.424984	0.366772	0.321976	0.286008	0.256375	0.232031	0.212045	0.195906	0.182827	0.172132	0.163522	0.156431	0.150694	0.146005	0.142111	0.13889	0.136219	0.134036	0.132285	0.136184	0.159452	0.215605	0.306086	0.432482	0.59463	0.770913	0.830401	0.677934	0.538954	0.468204	0.397391	0.32697	0.352684	0.42901	0.546669	0.691052	0.823591	0.770478	0	
63
8.14522
1.1513	1.11515	1.11185	1.13852	1.19191	1.25128	1.27243	1.23529	1.17925	1.1417	1.13556	1.15918	1.20433	1.24951	1.25993	1.22801	1.18473	1.1577	1.15698	1.1799	1.21667	1.2082	1.15066	1.09002	1.03488	0.983878	0.935471	0.890041	0.848516	0.811565	0.779626	0.752621	0.730287	0.712004	0.69713	0.685082	0.67532	0.667376	0.660875	0.65558	0.651226	0.651183	0.670546	0.721595	0.807885	0.929867	1.08784	1.27237	1.35136	1.19821	1.03199	0.913205	0.844658	0.826891	0.858129	0.933551	1.04991	1.20134	1.33489	1.2807	1.12927	1.00978	0.929296	0.871911	0.827744	0.791966	0.762469	0.738244	0.71846	0.702362	0.689335	0.67878	0.670186	0.66319	0.657466	0.652766	0.64891	0.645734	0.643132	0.640987	0.639193	0.641217	0.663605	0.718541	0.808975	0.934994	1.09675	1.28284	1.34709	1.18484	1.01965	0.902585	0.835848	0.81995	0.852993	0.930192	1.04839	1.20165	1.33627	1.27957	0	
0.1	0.612007	0.606415	0.635783	0.685981	0.736064	0.762789	0.727504	0.664444	0.638388	0.631287	0.654385	0.691962	0.74036	0.749898	0.715846	0.679759	0.664433	0.646612	0.677723	0.707871	0.699481	0.644029	0.583834	0.528419	0.477261	0.428895	0.383362	0.342042	0.305035	0.273195	0.245984	0.223691	0.205369	0.190366	0.17823	0.168481	0.160533	0.153958	0.148695	0.144316	0.146133	0.166568	0.218478	0.305381	0.427212	0.583592	0.761337	0.833505	0.691654	0.545225	0.474354	0.403541	0.332729	0.356924	0.431422	0.547827	0.695469	0.821807	0.770494	0.627536	0.507114	0.424561	0.365966	0.321433	0.285555	0.255822	0.231666	0.211856	0.1956	0.182537	0.171987	0.16334	0.156346	0.150591	0.145856	0.14198	0.138779	0.136199	0.134075	0.132254	0.135763	0.159727	0.214537	0.305842	0.431648	0.594244	0.772663	0.831739	0.678547	0.540081	0.469269	0.398456	0.327644	0.351496	0.428861	0.546001	0.69373	0.822934	0.768314	0	
68
8.67797
1.1513	1.11515	1.11185	1.13858	1.19186	1.2512	1.27222	1.2352	1.17929	1.14182	1.13574	1.15966	1.20497	1.24987	1.25978	1.22769	1.18436	1.15747	1.15715	1.1806	1.21765	1.20905	1.15123	1.09036	1.03512	0.98407	0.935648	0.890206	0.848652	0.81168	0.779715	0.7527	0.730348	0.712052	0.697187	0.68515	0.675364	0.667417	0.660924	0.655603	0.651243	0.651112	0.670234	0.721261	0.807717	0.929908	1.08802	1.2726	1.35137	1.19784	1.03152	0.912639	0.843984	0.826107	0.857037	0.931952	1.04784	1.199	1.33398	1.28244	1.13068	1.01039	0.929305	0.871666	0.827409	0.791624	0.762193	0.737991	0.718247	0.702229	0.689213	0.678673	0.670099	0.663109	0.657414	0.652724	0.648893	0.645729	0.643108	0.640948	0.639177	0.641019	0.663805	0.719756	0.811113	0.9377	1.09983	1.28565	1.34572	1.18214	1.01766	0.901432	0.835525	0.820487	0.854242	0.932042	1.05082	1.20437	1.3372	1.27701	0	
0.1	0.612009	0.606413	0.638253	0.685991	0.739764	0.750644	0.729515	0.674443	0.631007	0.632409	0.655612	0.698462	0.735945	0.739591	0.712777	0.679333	0.653233	0.658103	0.675481	0.71038	0.700401	0.644567	0.584093	0.528677	0.477418	0.429101	0.383619	0.342162	0.305086	0.273206	0.246042	0.223739	0.205348	0.190393	0.178368	0.168515	0.160586	0.154063	0.148706	0.144322	0.145802	0.166592	0.217444	0.304703	0.428684	0.584141	0.761396	0.837356	0.691671	0.545154	0.474342	0.403529	0.332717	0.356255	0.430017	0.545338	0.696838	0.820793	0.772199	0.627442	0.508122	0.424365	0.365783	0.321127	0.285131	0.255686	0.231337	0.211556	0.195577	0.182447	0.171876	0.16326	0.156231	0.150559	0.14583	0.142015	0.138838	0.13618	0.133999	0.132231	0.135183	0.158841	0.216038	0.307817	0.434631	0.596153	0.771952	0.830239	0.677695	0.539018	0.468216	0.397403	0.326591	0.352953	0.430104	0.547803	0.698079	0.821674	0.77098	0	
73
8.95789
1.15131	1.11516	1.11185	1.13827	1.19101	1.25027	1.27234	1.23612	1.18033	1.1425	1.13593	1.15929	1.20426	1.2493	1.25985	1.22818	1.18486	1.15764	1.15678	1.17954	1.21631	1.20821	1.15074	1.09012	1.03497	0.983974	0.935557	0.890132	0.848584	0.811621	0.779666	0.752662	0.730318	0.712043	0.697163	0.685111	0.675337	0.667386	0.660899	0.655569	0.651236	0.651279	0.670863	0.722325	0.809143	0.931619	1.08996	1.27438	1.3502	1.19487	1.02935	0.911468	0.843834	0.826988	0.858837	0.934664	1.05143	1.20313	1.33556	1.27911	1.12766	1.00863	0.92847	0.871298	0.827233	0.791542	0.76212	0.73796	0.718202	0.702166	0.689184	0.678662	0.670085	0.663114	0.657397	0.65272	0.648865	0.645694	0.643098	0.640958	0.639171	0.64099	0.663143	0.717946	0.808293	0.934072	1.09548	1.28152	1.34816	1.18763	1.02219	0.9048	0.837691	0.821435	0.854166	0.931141	1.04918	1.20223	1.33617	1.27918	0	
0.1	0.612012	0.60641	0.634841	0.685539	0.741703	0.732223	0.724122	0.675231	0.629945	0.631623	0.65447	0.696845	0.740353	0.750915	0.72099	0.666696	0.653559	0.648753	0.674718	0.71288	0.69952	0.644081	0.583917	0.528414	0.477381	0.428974	0.383554	0.342071	0.305026	0.273148	0.245987	0.223707	0.205422	0.190384	0.178296	0.168491	0.160522	0.154021	0.148608	0.144324	0.145622	0.16721	0.218547	0.305639	0.429036	0.58643	0.760595	0.833992	0.688099	0.543742	0.472942	0.402129	0.331317	0.357431	0.432493	0.549029	0.696662	0.824505	0.769204	0.624665	0.505984	0.423518	0.36536	0.320876	0.285166	0.25557	0.231433	0.211512	0.195388	0.182412	0.171898	0.163258	0.156292	0.150526	0.145839	0.141936	0.138741	0.136163	0.13404	0.132228	0.135781	0.160813	0.214701	0.305708	0.430549	0.593774	0.769542	0.834003	0.681783	0.540891	0.470079	0.399266	0.328454	0.352997	0.429155	0.548535	0.696199	0.822966	0.768787	0	
78
9.28689
1.15131	1.11516	1.11185	1.13837	1.19134	1.25076	1.27255	1.23598	1.1798	1.14167	1.13507	1.1586	1.20409	1.24982	1.26031	1.22804	1.1843	1.15699	1.1564	1.17985	1.21727	1.20905	1.15129	1.09046	1.03521	0.984163	0.935736	0.89029	0.848733	0.811727	0.77975	0.752725	0.730372	0.712079	0.697203	0.685145	0.67538	0.667424	0.660924	0.655611	0.651244	0.65114	0.67039	0.721343	0.807714	0.929868	1.08796	1.27257	1.35133	1.19725	1.0307	0.91162	0.842794	0.824763	0.855604	0.930535	1.04652	1.19783	1.33368	1.28351	1.132	1.01154	0.930318	0.872561	0.828204	0.7923	0.762771	0.738462	0.71863	0.702523	0.689466	0.678862	0.670254	0.663243	0.657494	0.652812	0.648953	0.645805	0.643165	0.641002	0.63921	0.64107	0.66393	0.719463	0.810392	0.936599	1.09836	1.28417	1.34679	1.18534	1.02091	0.904573	0.838527	0.823285	0.856786	0.93432	1.05284	1.206	1.33729	1.27576	0	
0.1	0.612014	0.606407	0.630966	0.685157	0.72899	0.76292	0.727466	0.672966	0.636494	0.630894	0.653735	0.693361	0.7394	0.739452	0.720728	0.678997	0.653122	0.652055	0.674235	0.710344	0.70032	0.644572	0.584236	0.528783	0.477523	0.429147	0.38367	0.342301	0.305088	0.273258	0.246061	0.223761	0.205411	0.190426	0.178287	0.168573	0.160588	0.154054	0.148725	0.144317	0.145907	0.166484	0.217924	0.304945	0.426596	0.584658	0.763186	0.836371	0.68883	0.544664	0.473805	0.402993	0.33218	0.354165	0.428463	0.543643	0.691451	0.820717	0.772622	0.629944	0.509216	0.4254	0.366599	0.321945	0.285778	0.256307	0.231822	0.211953	0.195826	0.182715	0.172026	0.16338	0.156357	0.150544	0.145912	0.142041	0.138943	0.136252	0.134081	0.132269	0.135577	0.159862	0.21623	0.306336	0.433342	0.597064	0.773989	0.83294	0.680706	0.540114	0.469301	0.398489	0.327676	0.355448	0.432191	0.550099	0.699979	0.820112	0.767125	0	
83
9.91978
1.15131	1.11516	1.11185	1.13833	1.19134	1.25066	1.27221	1.23577	1.18006	1.14242	1.13612	1.1597	1.20467	1.24945	1.25957	1.22784	1.18482	1.15795	1.15731	1.1803	1.21691	1.20849	1.15088	1.09016	1.03497	0.983972	0.93554	0.890125	0.848576	0.81162	0.779665	0.752667	0.730315	0.71203	0.697173	0.685126	0.67534	0.667388	0.6609	0.655586	0.651244	0.651172	0.670343	0.721231	0.807469	0.929351	1.08723	1.27182	1.35133	1.19743	1.03105	0.912137	0.843454	0.825569	0.856591	0.931675	1.04779	1.19921	1.3342	1.28239	1.13086	1.0108	0.929871	0.872282	0.827977	0.792131	0.762611	0.738352	0.718526	0.702439	0.689407	0.678821	0.670234	0.663218	0.657489	0.652813	0.648941	0.645763	0.643124	0.640974	0.6392	0.641036	0.663263	0.71778	0.807907	0.93365	1.09506	1.28127	1.34802	1.18664	1.02093	0.903264	0.835908	0.819412	0.851922	0.928675	1.04655	1.19973	1.33567	1.28157	0	
0.1	0.612015	0.606404	0.635005	0.680305	0.742088	0.762605	0.716071	0.675235	0.638662	0.633454	0.651653	0.698933	0.740982	0.717394	0.720536	0.679814	0.653482	0.652801	0.669734	0.709886	0.699785	0.644198	0.583912	0.528334	0.477416	0.428866	0.383543	0.342075	0.305071	0.273181	0.246055	0.223672	0.205348	0.190415	0.178326	0.168463	0.1605	0.154004	0.14866	0.144336	0.145515	0.166375	0.218465	0.30346	0.425982	0.583709	0.762406	0.837133	0.691169	0.545424	0.474691	0.403879	0.333066	0.355258	0.429781	0.545964	0.694702	0.819352	0.773185	0.627742	0.508229	0.424967	0.366475	0.3216	0.285671	0.256056	0.23179	0.211831	0.195714	0.182682	0.172027	0.16344	0.156375	0.150625	0.145975	0.142052	0.138858	0.136157	0.134021	0.132263	0.135706	0.159022	0.214272	0.304402	0.430071	0.59142	0.771158	0.834274	0.682639	0.540748	0.469936	0.399123	0.328311	0.350555	0.426759	0.54438	0.693696	0.821421	0.771406	0	
88
10.211
1.15131	1.11516	1.11185	1.13839	1.19169	1.2511	1.27244	1.23542	1.17944	1.14179	1.13552	1.15911	1.20436	1.24951	1.26001	1.2282	1.18507	1.15837	1.15806	1.18122	1.21767	1.20918	1.15137	1.09049	1.03522	0.984179	0.935743	0.890312	0.848732	0.811781	0.779782	0.752786	0.730392	0.7121	0.697245	0.685179	0.675386	0.667432	0.660927	0.65562	0.651257	0.651226	0.670875	0.722263	0.808744	0.930653	1.08844	1.27266	1.35103	1.1972	1.03112	0.912453	0.844018	0.826383	0.857529	0.932706	1.04891	1.20019	1.33431	1.2813	1.12972	1.00993	0.929209	0.871733	0.82752	0.79175	0.762282	0.73809	0.718309	0.702256	0.689257	0.678718	0.67014	0.663155	0.657435	0.65275	0.6489	0.645718	0.643113	0.640961	0.639183	0.640996	0.664255	0.719828	0.810666	0.936748	1.09835	1.28402	1.34674	1.18511	1.02043	0.903877	0.837626	0.822214	0.855564	0.933101	1.05163	1.20501	1.33732	1.2767	0	
0.1	0.612017	0.606402	0.635382	0.683551	0.742562	0.789655	0.727891	0.662508	0.636492	0.625778	0.649484	0.698249	0.743059	0.775754	0.715962	0.659394	0.654335	0.642323	0.678951	0.710603	0.700459	0.644698	0.584274	0.528729	0.477558	0.429116	0.383786	0.34213	0.30534	0.27321	0.246249	0.22367	0.205407	0.190564	0.178408	0.16855	0.16059	0.154042	0.148737	0.144355	0.14546	0.166807	0.219329	0.306381	0.427551	0.583946	0.762527	0.836532	0.69185	0.544897	0.474691	0.403878	0.333066	0.356045	0.430634	0.54938	0.690811	0.821406	0.771186	0.627003	0.507378	0.424324	0.365845	0.321114	0.285321	0.255661	0.231549	0.211623	0.195493	0.182497	0.171953	0.163331	0.156336	0.150579	0.145876	0.142001	0.138777	0.136177	0.134022	0.132242	0.137495	0.160336	0.216352	0.30697	0.433227	0.595177	0.773658	0.84197	0.679918	0.538922	0.468503	0.397691	0.326878	0.354041	0.430956	0.549083	0.698187	0.823338	0.771997	0	
93
10.5114
1.15132	1.11516	1.11185	1.13834	1.1913	1.25053	1.27211	1.23592	1.18068	1.14319	1.13689	1.16047	1.20522	1.2495	1.25904	1.22731	1.18473	1.15854	1.15847	1.18169	1.21819	1.20889	1.15096	1.0901	1.03488	0.983844	0.935431	0.890011	0.848489	0.811527	0.77958	0.752597	0.730265	0.711986	0.697134	0.685103	0.675338	0.667402	0.660899	0.655596	0.65122	0.651087	0.670078	0.720594	0.806427	0.928041	1.08572	1.27032	1.35218	1.2	1.03314	0.913621	0.844331	0.825835	0.85619	0.930893	1.0468	1.198	1.33368	1.28345	1.13202	1.01162	0.93045	0.872712	0.82832	0.792421	0.762847	0.738551	0.718685	0.702569	0.689514	0.678915	0.670298	0.663296	0.657537	0.652842	0.648975	0.645786	0.643162	0.640997	0.639224	0.641087	0.663328	0.717851	0.807895	0.93358	1.09501	1.28114	1.34835	1.18841	1.02294	0.905439	0.838208	0.821833	0.854315	0.931019	1.0487	1.20146	1.33588	1.27982	0	
0.1	0.612018	0.6064	0.634138	0.68724	0.752668	0.762459	0.72843	0.675831	0.639828	0.63036	0.655505	0.699064	0.738884	0.754653	0.719929	0.679855	0.650432	0.653775	0.677393	0.711211	0.700247	0.644299	0.583827	0.528437	0.477211	0.42886	0.383431	0.342093	0.304964	0.273047	0.245953	0.223655	0.205284	0.190361	0.178313	0.16853	0.160604	0.154037	0.14873	0.144276	0.145777	0.165989	0.216787	0.302945	0.424811	0.582446	0.760711	0.837646	0.692968	0.546053	0.475142	0.404329	0.333517	0.35382	0.428988	0.544962	0.692929	0.820414	0.773168	0.630098	0.509041	0.425598	0.366885	0.321973	0.286026	0.256293	0.231992	0.211955	0.195832	0.182787	0.172139	0.163484	0.156504	0.150671	0.145976	0.142084	0.138861	0.136222	0.134045	0.132293	0.135809	0.159528	0.214381	0.304436	0.430139	0.591389	0.769113	0.834472	0.684419	0.541116	0.470303	0.399491	0.328678	0.352811	0.429831	0.54635	0.695127	0.822347	0.768678	0	
98
11.1144
1.15132	1.11516	1.11185	1.13834	1.19129	1.25052	1.27225	1.23597	1.18007	1.14226	1.13569	1.15904	1.20395	1.24908	1.25978	1.22817	1.18479	1.15759	1.15687	1.17999	1.21697	1.20893	1.15131	1.09053	1.0353	0.984278	0.935827	0.890398	0.848817	0.811829	0.77984	0.752819	0.730439	0.71214	0.697262	0.685198	0.675404	0.667441	0.660948	0.655608	0.651271	0.651213	0.670711	0.72205	0.808666	0.930987	1.0893	1.27388	1.35089	1.19687	1.03092	0.912427	0.844171	0.826711	0.858093	0.933694	1.05026	1.20183	1.3351	1.28005	1.12857	1.00924	0.928857	0.871578	0.827447	0.791717	0.762261	0.738066	0.718288	0.702247	0.689246	0.678706	0.67013	0.663134	0.657447	0.65274	0.648904	0.645717	0.643111	0.640942	0.63918	0.640986	0.663164	0.717948	0.808272	0.933841	1.09508	1.28109	1.34841	1.1885	1.0231	0.905668	0.838517	0.822218	0.854772	0.931507	1.04932	1.20216	1.33613	1.27953	0	
0.1	0.612019	0.606398	0.634528	0.687303	0.747699	0.705475	0.728438	0.669687	0.637781	0.631733	0.653312	0.697621	0.740734	0.750825	0.720797	0.679693	0.653593	0.652192	0.674983	0.709394	0.700206	0.644575	0.584247	0.528755	0.477713	0.429109	0.383845	0.342262	0.305242	0.27331	0.246211	0.223785	0.205474	0.190512	0.178383	0.168535	0.160555	0.154062	0.148643	0.144367	0.145936	0.166767	0.219326	0.306039	0.427592	0.585127	0.76158	0.836379	0.691163	0.544946	0.474078	0.403265	0.332453	0.355593	0.431257	0.5479	0.694981	0.821381	0.769177	0.626484	0.506574	0.423911	0.365772	0.321145	0.285358	0.255713	0.231496	0.211554	0.195506	0.182499	0.171944	0.163321	0.156277	0.150638	0.145855	0.142028	0.138777	0.136178	0.13397	0.132236	0.135451	0.158854	0.215003	0.304458	0.430519	0.590189	0.766875	0.834129	0.683719	0.541568	0.470756	0.399944	0.330052	0.353476	0.429882	0.54671	0.69535	0.822419	0.769747	0	
103
11.8784
1.15132	1.11516	1.11186	1.13834	1.19142	1.2508	1.27229	1.2357	1.17985	1.14199	1.13563	1.15917	1.20433	1.24944	1.25988	1.22804	1.18487	1.15793	1.15731	1.18022	1.21672	1.20805	1.15052	1.08991	1.03478	0.983785	0.935374	0.889976	0.848431	0.811519	0.779555	0.752591	0.730236	0.711978	0.697144	0.685098	0.675321	0.667377	0.660884	0.655582	0.651237	0.651232	0.670689	0.721872	0.808322	0.930482	1.08858	1.27307	1.35094	1.19669	1.03067	0.91217	0.843896	0.826422	0.85769	0.93292	1.04908	1.20037	1.33445	1.28101	1.12952	1.00979	0.929135	0.871707	0.827517	0.79176	0.762298	0.738103	0.718321	0.702274	0.689277	0.678728	0.670144	0.663169	0.657438	0.652761	0.648905	0.645726	0.643113	0.640953	0.639186	0.64105	0.663657	0.718878	0.809535	0.935579	1.0973	1.28328	1.3469	1.18458	1.01953	0.902626	0.836031	0.820307	0.853427	0.930654	1.04892	1.20222	1.33641	1.27904	0	
0.1	0.612019	0.606396	0.630059	0.68592	0.742216	0.752477	0.728197	0.665532	0.633247	0.634627	0.654309	0.688246	0.740704	0.744077	0.720661	0.679369	0.632417	0.652765	0.675094	0.709525	0.699362	0.643848	0.583727	0.528287	0.477176	0.428739	0.383464	0.341849	0.305095	0.27297	0.246032	0.223527	0.205298	0.190452	0.178319	0.168478	0.160525	0.153996	0.148687	0.144347	0.146003	0.168887	0.218904	0.305511	0.42728	0.586254	0.763322	0.837922	0.691783	0.545245	0.474458	0.403646	0.332836	0.356146	0.430727	0.546625	0.694107	0.818567	0.771257	0.626576	0.507223	0.424211	0.365878	0.321214	0.285373	0.255737	0.231545	0.211594	0.195522	0.182544	0.171962	0.163324	0.156369	0.150578	0.1459	0.142007	0.13879	0.136167	0.133991	0.132248	0.135559	0.159793	0.215646	0.307561	0.432281	0.597198	0.773105	0.832064	0.679903	0.53935	0.468561	0.397748	0.326936	0.352167	0.429187	0.546353	0.703129	0.823092	0.769096	0	
108
11.9428
1.15132	1.11516	1.11186	1.13834	1.1914	1.25081	1.27243	1.23576	1.17975	1.14194	1.13561	1.15931	1.20464	1.24984	1.26005	1.22783	1.18432	1.15734	1.15704	1.18037	1.21733	1.20896	1.15122	1.09041	1.03517	0.984133	0.935701	0.890273	0.848694	0.811741	0.779751	0.752767	0.730377	0.712083	0.697225	0.685164	0.675389	0.667414	0.660923	0.655612	0.651257	0.651346	0.671032	0.722405	0.809021	0.931348	1.08963	1.27413	1.35042	1.19518	1.02941	0.911214	0.843268	0.826118	0.857739	0.933498	1.05024	1.20201	1.33533	1.27975	1.1279	1.00839	0.927954	0.870658	0.826604	0.790972	0.761639	0.73756	0.717887	0.701897	0.688973	0.678479	0.669943	0.662994	0.657295	0.652639	0.648794	0.645645	0.643056	0.64093	0.639141	0.640978	0.663181	0.717875	0.807947	0.933638	1.09499	1.28119	1.34847	1.1873	1.02139	0.903549	0.835991	0.8193	0.851486	0.927816	1.04526	1.19819	1.33505	1.28259	0	
0.1	0.61202	0.606394	0.633008	0.685942	0.742402	0.729823	0.728511	0.675153	0.638414	0.633123	0.655826	0.698388	0.74117	0.756924	0.720629	0.674103	0.653319	0.653699	0.675353	0.710309	0.700227	0.64455	0.584222	0.528673	0.477532	0.429091	0.383755	0.3421	0.30525	0.273146	0.246265	0.223718	0.205387	0.190522	0.17839	0.168599	0.16055	0.154044	0.148731	0.144372	0.14587	0.167238	0.219342	0.305241	0.427944	0.585732	0.759048	0.836427	0.68931	0.543726	0.472949	0.402136	0.331324	0.357035	0.431619	0.547477	0.69269	0.821784	0.770063	0.625598	0.505789	0.423121	0.364776	0.320279	0.284549	0.255054	0.230989	0.211216	0.19506	0.182207	0.171676	0.16311	0.156158	0.1504	0.145749	0.141846	0.138696	0.136125	0.134028	0.132195	0.135838	0.160952	0.215294	0.304677	0.430423	0.592401	0.767238	0.834783	0.684905	0.540478	0.469666	0.398853	0.328041	0.350702	0.425644	0.543038	0.688152	0.823628	0.772716	0	
113
12.561
1.15132	1.11516	1.11186	1.13834	1.19189	1.25165	1.27291	1.23521	1.17859	1.1408	1.135	1.15941	1.20533	1.25054	1.26005	1.22716	1.18341	1.15643	1.15601	1.17965	1.21729	1.20924	1.15146	1.09058	1.03531	0.984263	0.935813	0.890368	0.848789	0.811807	0.779824	0.7528	0.730424	0.712131	0.697248	0.685179	0.675393	0.667432	0.660917	0.65562	0.651264	0.651382	0.671064	0.722491	0.809292	0.93201	1.09079	1.27556	1.34978	1.19348	1.02799	0.910203	0.842653	0.825917	0.857836	0.9337	1.05052	1.20227	1.33528	1.27973	1.12817	1.0089	0.928567	0.871311	0.827214	0.79151	0.762093	0.737939	0.718189	0.702153	0.689172	0.678645	0.670084	0.6631	0.657403	0.65272	0.648881	0.6457	0.643097	0.640952	0.639173	0.641054	0.663701	0.718919	0.809425	0.935412	1.09696	1.28297	1.34723	1.18506	1.01979	0.902681	0.835865	0.8199	0.852819	0.929816	1.04775	1.20081	1.33593	1.28067	0	
0.1	0.612021	0.606393	0.636058	0.684246	0.743168	0.763222	0.727549	0.671251	0.638107	0.638098	0.648937	0.698848	0.741891	0.748483	0.720002	0.67649	0.652192	0.649048	0.674113	0.709899	0.700512	0.644834	0.584404	0.528842	0.477733	0.429218	0.383808	0.342238	0.305231	0.273307	0.246176	0.223782	0.205495	0.190503	0.178343	0.168531	0.160559	0.153965	0.148722	0.144356	0.145718	0.166823	0.219249	0.306339	0.430516	0.58805	0.766053	0.836099	0.688364	0.543834	0.473031	0.402219	0.331406	0.356725	0.431684	0.54828	0.696735	0.821914	0.770753	0.625033	0.506422	0.423673	0.365422	0.320834	0.285083	0.255492	0.231398	0.21151	0.195374	0.182403	0.171868	0.163278	0.156253	0.150555	0.145837	0.141992	0.138754	0.136153	0.134017	0.132234	0.135566	0.159761	0.215097	0.306376	0.431999	0.597108	0.770316	0.833705	0.679168	0.540086	0.469274	0.398461	0.327649	0.35151	0.427405	0.545844	0.694154	0.823227	0.770721	0	
118
12.6958
1.15132	1.11517	1.11186	1.13834	1.19134	1.25081	1.27254	1.23582	1.17967	1.14171	1.13537	1.15899	1.20435	1.24963	1.26013	1.22807	1.18448	1.15732	1.1568	1.18003	1.21709	1.20906	1.15135	1.0905	1.03525	0.984198	0.935768	0.890311	0.84876	0.81177	0.779796	0.752776	0.730415	0.712103	0.697218	0.685183	0.675401	0.667435	0.660943	0.655624	0.651258	0.651207	0.670447	0.721435	0.807876	0.930217	1.08861	1.27343	1.35111	1.19617	1.02971	0.91076	0.842068	0.824181	0.855238	0.930453	1.0466	1.19807	1.33396	1.28305	1.13111	1.0105	0.929258	0.871542	0.827251	0.791479	0.762059	0.737891	0.718151	0.702144	0.689168	0.678628	0.670063	0.663099	0.65738	0.652715	0.648878	0.645709	0.6431	0.640933	0.639172	0.641078	0.66348	0.718148	0.80836	0.934032	1.09538	1.28143	1.34824	1.18791	1.02251	0.905112	0.838002	0.821746	0.854315	0.93107	1.04882	1.20172	1.33607	1.27972	0	
0.1	0.612021	0.606391	0.634126	0.685503	0.73421	0.725386	0.72076	0.669003	0.641342	0.631928	0.654474	0.697794	0.741146	0.767834	0.71565	0.679367	0.653532	0.65218	0.678758	0.709744	0.700311	0.644782	0.58429	0.528746	0.477572	0.429204	0.383609	0.342275	0.305115	0.273284	0.246157	0.223837	0.205398	0.190367	0.178405	0.168592	0.160594	0.154089	0.148739	0.144335	0.145561	0.166347	0.218199	0.304472	0.428079	0.584842	0.763982	0.836543	0.689009	0.545551	0.475089	0.404277	0.333464	0.354081	0.427879	0.543984	0.689195	0.819391	0.77772	0.628738	0.507851	0.424341	0.365756	0.320947	0.285027	0.255528	0.231293	0.21142	0.195434	0.182448	0.171838	0.163226	0.156278	0.150501	0.145847	0.142001	0.138802	0.136175	0.133967	0.132236	0.136166	0.160044	0.214985	0.305558	0.430745	0.592005	0.769732	0.83406	0.685169	0.54083	0.470266	0.399453	0.328641	0.35356	0.429418	0.546325	0.697661	0.82282	0.767958	0	
123
13.1913
1.15132	1.11517	1.11186	1.13834	1.19131	1.25072	1.27245	1.23587	1.1799	1.14201	1.13565	1.15936	1.20459	1.24967	1.25982	1.22771	1.18451	1.15759	1.15694	1.17982	1.21657	1.20821	1.15069	1.09007	1.03492	0.983918	0.935509	0.890085	0.848548	0.81159	0.779653	0.752637	0.730298	0.712001	0.697136	0.685101	0.675337	0.667377	0.660899	0.65558	0.651233	0.651183	0.670377	0.721485	0.807935	0.93003	1.0881	1.27265	1.35114	1.1972	1.03106	0.912422	0.844006	0.826364	0.857519	0.932934	1.04931	1.20082	1.33483	1.28067	1.12878	1.00899	0.92834	0.870942	0.826825	0.791158	0.761783	0.737674	0.717983	0.701987	0.689036	0.678537	0.66999	0.663027	0.65734	0.652661	0.648824	0.645658	0.643064	0.64093	0.639152	0.641343	0.664837	0.720995	0.812742	0.939922	1.10272	1.28843	1.34453	1.18027	1.01652	0.901074	0.835957	0.821707	0.856066	0.934453	1.05377	1.20768	1.33823	1.27443	0	
0.1	0.612022	0.60639	0.629721	0.689535	0.734907	0.741232	0.719558	0.669283	0.638692	0.632704	0.65498	0.697841	0.731324	0.753521	0.720356	0.671862	0.653511	0.652419	0.669537	0.707334	0.699492	0.644062	0.583883	0.528466	0.477292	0.428927	0.383484	0.342055	0.304988	0.273229	0.24603	0.22373	0.205316	0.190331	0.178283	0.168519	0.160497	0.154039	0.148668	0.144322	0.145542	0.166265	0.219609	0.304515	0.426434	0.584452	0.762281	0.836687	0.688031	0.545267	0.474455	0.403642	0.332846	0.356245	0.430824	0.547606	0.693944	0.819931	0.773258	0.626773	0.506565	0.423459	0.365076	0.320485	0.284781	0.255173	0.231083	0.211304	0.195206	0.182256	0.17176	0.163167	0.156189	0.15049	0.145763	0.141906	0.138702	0.136116	0.134005	0.132212	0.135852	0.161255	0.217596	0.30996	0.436698	0.599256	0.775572	0.828546	0.673708	0.537887	0.467163	0.39635	0.327728	0.3548	0.432376	0.551618	0.705928	0.824232	0.764266	0	
128
13.3902
1.15132	1.11517	1.11186	1.13834	1.19188	1.25156	1.27273	1.23516	1.17881	1.1412	1.13528	1.15975	1.20578	1.2509	1.26012	1.22694	1.18311	1.15634	1.15625	1.17991	1.21733	1.20905	1.15132	1.09049	1.03524	0.984198	0.935764	0.890316	0.848756	0.81177	0.779794	0.752776	0.730417	0.712105	0.697221	0.685183	0.675401	0.667436	0.660943	0.655624	0.651259	0.6512	0.670418	0.721325	0.807487	0.929351	1.0872	1.27171	1.35157	1.19885	1.03261	0.91377	0.845157	0.827331	0.858207	0.933175	1.04912	1.20021	1.33434	1.28184	1.13056	1.01072	0.930075	0.872591	0.82832	0.792462	0.762894	0.738608	0.718725	0.702582	0.689529	0.678938	0.670311	0.663294	0.657554	0.652845	0.648974	0.645787	0.64317	0.641016	0.639222	0.641186	0.664385	0.720198	0.811147	0.937547	1.09956	1.28532	1.34609	1.18302	1.01829	0.901751	0.83551	0.820142	0.85356	0.931217	1.04986	1.20341	1.33697	1.27812	0	
0.1	0.612022	0.606389	0.635693	0.685877	0.736845	0.763134	0.719237	0.673496	0.637521	0.631707	0.655484	0.699634	0.734927	0.749473	0.719685	0.678007	0.652324	0.65162	0.674483	0.710513	0.700359	0.644658	0.584312	0.528764	0.477584	0.429165	0.38369	0.342272	0.305168	0.27327	0.246149	0.223838	0.205404	0.190379	0.178402	0.168586	0.160593	0.154087	0.148737	0.144337	0.145555	0.166278	0.218145	0.303996	0.42571	0.584025	0.757746	0.845703	0.694597	0.545741	0.474844	0.404032	0.33351	0.356417	0.43153	0.54749	0.694033	0.82031	0.772329	0.62863	0.508102	0.425212	0.366664	0.321938	0.286035	0.256307	0.232114	0.212031	0.195758	0.182774	0.172175	0.16349	0.156463	0.150698	0.145959	0.142056	0.138847	0.136231	0.134091	0.132283	0.135735	0.16088	0.216495	0.307839	0.434284	0.596461	0.775043	0.831668	0.678511	0.539142	0.468329	0.397517	0.326704	0.352434	0.429441	0.547339	0.696705	0.821886	0.767093	0	
133
14.0253
1.15132	1.11517	1.11186	1.13834	1.19134	1.25062	1.27225	1.23583	1.18003	1.14231	1.13588	1.15921	1.20435	1.24955	1.25981	1.22779	1.18465	1.1579	1.15742	1.18061	1.21755	1.20925	1.15145	1.09055	1.03528	0.984211	0.935778	0.890325	0.848773	0.811776	0.779788	0.75277	0.730414	0.712093	0.697206	0.685176	0.675397	0.667431	0.66094	0.655622	0.651255	0.651256	0.670631	0.721939	0.808733	0.931307	1.0899	1.27469	1.35067	1.19503	1.02892	0.910417	0.842172	0.824731	0.85608	0.931605	1.04805	1.19971	1.33452	1.28197	1.12996	1.00974	0.928727	0.871161	0.826978	0.791242	0.76187	0.737723	0.718037	0.702048	0.689061	0.678532	0.670001	0.663021	0.657327	0.652661	0.64883	0.645687	0.643091	0.640945	0.639157	0.640964	0.662988	0.717584	0.807794	0.933415	1.09462	1.28066	1.34819	1.1874	1.02178	0.904142	0.836814	0.820325	0.852935	0.929864	1.04786	1.20099	1.33598	1.28017	0	
0.1	0.612022	0.606388	0.630458	0.684875	0.742045	0.762159	0.728247	0.666786	0.636349	0.626479	0.654979	0.702639	0.73548	0.699766	0.70751	0.67955	0.662051	0.655919	0.675258	0.712052	0.700567	0.644816	0.584311	0.5288	0.47755	0.429211	0.383708	0.34239	0.305224	0.273236	0.246112	0.223851	0.205385	0.190343	0.178402	0.168594	0.160591	0.154088	0.148739	0.144332	0.145611	0.166432	0.218603	0.305801	0.428283	0.587523	0.763788	0.835351	0.689053	0.543297	0.472542	0.40173	0.330917	0.354395	0.429738	0.54603	0.696402	0.820674	0.771074	0.627505	0.50767	0.423663	0.36522	0.32077	0.28473	0.255349	0.231046	0.211389	0.19538	0.182261	0.171635	0.163152	0.156108	0.150408	0.145737	0.141902	0.138781	0.136189	0.134039	0.132216	0.135581	0.159	0.21444	0.304872	0.431536	0.590453	0.7695	0.83211	0.681571	0.541146	0.470333	0.399521	0.328708	0.353037	0.427611	0.545458	0.695852	0.823159	0.769223	0	
138
14.6912
1.15132	1.11517	1.11186	1.13834	1.19144	1.2509	1.27258	1.23576	1.1797	1.14193	1.1356	1.15915	1.20419	1.24922	1.25982	1.22821	1.18506	1.15809	1.15743	1.1804	1.21713	1.20875	1.15111	1.09037	1.03516	0.984148	0.935697	0.890265	0.848697	0.811728	0.779754	0.752742	0.730365	0.712083	0.697222	0.685154	0.675371	0.667417	0.660915	0.655607	0.651259	0.651294	0.670788	0.721822	0.808239	0.9304	1.08857	1.27317	1.35104	1.19663	1.03038	0.911617	0.843094	0.825369	0.856414	0.931812	1.04831	1.20001	1.33463	1.28144	1.12957	1.00956	0.928739	0.871227	0.827051	0.791338	0.761937	0.737808	0.718086	0.702065	0.689097	0.678585	0.670028	0.66306	0.657361	0.65268	0.648839	0.645674	0.643081	0.640946	0.63916	0.641031	0.663091	0.717639	0.80777	0.933449	1.09486	1.28114	1.348	1.18659	1.02091	0.903289	0.835969	0.8195	0.851906	0.928424	1.04603	1.199	1.33532	1.28202	0	
0.1	0.612023	0.606387	0.634146	0.680409	0.735538	0.71796	0.720841	0.674839	0.6386	0.631629	0.652537	0.698813	0.740666	0.750898	0.720771	0.679978	0.67135	0.653036	0.676597	0.70581	0.700112	0.644351	0.584091	0.528635	0.477659	0.429037	0.383689	0.342161	0.305173	0.273238	0.246139	0.223657	0.205423	0.190508	0.178338	0.168509	0.160545	0.153996	0.148689	0.144351	0.145907	0.166879	0.218269	0.304729	0.426913	0.585169	0.763124	0.835493	0.690738	0.544378	0.47388	0.403067	0.332255	0.354145	0.429827	0.545172	0.693532	0.822075	0.77143	0.627265	0.507055	0.423896	0.365304	0.320715	0.284925	0.255333	0.231255	0.211418	0.195279	0.1823	0.171794	0.163189	0.156218	0.150492	0.145773	0.141912	0.138718	0.136144	0.134032	0.132218	0.134925	0.159233	0.21487	0.304211	0.43	0.590465	0.771421	0.835305	0.681959	0.539932	0.469254	0.398441	0.327629	0.350139	0.426556	0.542827	0.692079	0.822467	0.773505	0	
143
15.0844
1.15132	1.11517	1.11186	1.13834	1.19128	1.25057	1.2724	1.23607	1.18012	1.1421	1.13528	1.1585	1.20359	1.2493	1.26026	1.22841	1.18465	1.15731	1.15658	1.17959	1.21662	1.20845	1.15087	1.09018	1.03502	0.983992	0.935576	0.890138	0.848594	0.811639	0.779677	0.752673	0.730328	0.712026	0.697167	0.68513	0.675351	0.667404	0.660916	0.655596	0.651236	0.651317	0.670924	0.722388	0.809203	0.931777	1.09026	1.27482	1.35005	1.19429	1.02875	0.910845	0.843184	0.826332	0.858068	0.93376	1.05033	1.20191	1.33516	1.28003	1.12851	1.00913	0.928704	0.871403	0.827294	0.79157	0.762135	0.737968	0.718222	0.702181	0.689193	0.678654	0.670091	0.663119	0.657396	0.65272	0.648851	0.645705	0.64309	0.640959	0.639172	0.641017	0.663263	0.717907	0.808041	0.93334	1.09429	1.28015	1.34877	1.18937	1.02385	0.906221	0.83888	0.822316	0.854782	0.931314	1.0488	1.20138	1.33575	1.28014	0	
0.1	0.612023	0.606386	0.635121	0.685245	0.742065	0.770467	0.714654	0.665125	0.620474	0.628616	0.660939	0.699311	0.743595	0.727112	0.695661	0.677632	0.653175	0.652152	0.672808	0.709353	0.69973	0.644188	0.583906	0.52855	0.477333	0.428989	0.383468	0.342078	0.305095	0.273158	0.246021	0.223733	0.205303	0.190376	0.178342	0.168513	0.160576	0.154063	0.148704	0.144319	0.146098	0.166999	0.218854	0.306331	0.428667	0.586505	0.765666	0.835374	0.687147	0.543844	0.473037	0.402224	0.331412	0.356432	0.431621	0.547998	0.695234	0.820361	0.770752	0.625445	0.506916	0.423787	0.365458	0.320961	0.285164	0.25552	0.23139	0.211554	0.195413	0.182412	0.171841	0.163276	0.156301	0.150521	0.145835	0.141884	0.138777	0.136133	0.134042	0.13223	0.135661	0.159334	0.214601	0.304492	0.430386	0.590894	0.765374	0.83451	0.683927	0.541956	0.471143	0.400331	0.329518	0.353951	0.429244	0.546186	0.695369	0.821897	0.770966	0	
148
15.2696
1.15132	1.11517	1.11186	1.13834	1.19129	1.25058	1.27241	1.23612	1.18037	1.14267	1.13627	1.15969	1.20467	1.24934	1.25947	1.2278	1.1849	1.15816	1.15757	1.18028	1.21653	1.20804	1.1506	1.09003	1.03491	0.983916	0.935501	0.890091	0.848531	0.811602	0.77962	0.75265	0.730284	0.712016	0.697169	0.685127	0.675347	0.667388	0.660903	0.655596	0.651245	0.651219	0.670634	0.721767	0.808142	0.930304	1.08841	1.273	1.35119	1.19763	1.03159	0.91299	0.844629	0.827055	0.85817	0.933411	1.04964	1.20104	1.3348	1.2808	1.12929	1.00972	0.929169	0.871767	0.827578	0.791812	0.762334	0.738131	0.718353	0.702298	0.689283	0.678734	0.670169	0.663158	0.657447	0.652761	0.648904	0.645735	0.643111	0.640967	0.639188	0.640984	0.662991	0.717579	0.807604	0.933249	1.09466	1.28092	1.34844	1.18756	1.02159	0.903626	0.835964	0.819157	0.851388	0.927893	1.04541	1.19832	1.33506	1.28227	0	
0.1	0.612023	0.606386	0.634143	0.686464	0.741931	0.776455	0.728398	0.675108	0.638855	0.637453	0.654988	0.708489	0.740862	0.745756	0.720612	0.679778	0.65407	0.655099	0.674904	0.70973	0.699419	0.643755	0.583711	0.528431	0.477306	0.428873	0.383558	0.341905	0.305161	0.273033	0.24613	0.223608	0.205337	0.19045	0.178355	0.168515	0.160504	0.154012	0.148701	0.144344	0.145621	0.167071	0.218484	0.305043	0.427083	0.584426	0.763393	0.836785	0.690849	0.544554	0.473766	0.402953	0.332141	0.358461	0.431153	0.547375	0.695218	0.821611	0.77086	0.627008	0.507172	0.424364	0.365871	0.321251	0.285409	0.2557	0.231537	0.211651	0.195565	0.182501	0.171952	0.163399	0.156312	0.150597	0.145886	0.141998	0.138812	0.136151	0.13403	0.132248	0.1356	0.159039	0.214462	0.304027	0.430092	0.593291	0.769632	0.832515	0.680762	0.539552	0.469208	0.398395	0.327583	0.350327	0.425503	0.543175	0.691477	0.8219	0.773597	0	
