3
3.46435
1.12627	1.19575	1.16473	1.20224	1.17702	1.21405	1.03615	0.848769	0.72984	0.674674	0.650559	0.808144	1.3509	0.842616	1.04504	1.1331	0.827108	0.717468	0.669323	0.648152	0.638487	0.807784	1.34862	0.837773	1.04348	0	
8
3.79663
1.14922	1.19244	1.17811	1.20548	1.18319	1.21773	1.03524	0.848672	0.730318	0.675321	0.651188	0.808256	1.35113	0.844208	1.04948	1.12963	0.827779	0.718402	0.670142	0.648869	0.639142	0.80964	1.34718	0.837766	1.05035	0	
13
4.08143
1.15061	1.19228	1.17899	1.20561	1.18376	1.21802	1.03533	0.848772	0.730398	0.675383	0.651246	0.809047	1.35058	0.843288	1.04959	1.12884	0.827228	0.718165	0.670056	0.648844	0.63915	0.812221	1.34525	0.837072	1.0541	0	
18
4.50076
1.15097	1.19201	1.17923	1.20521	1.18378	1.21787	1.03514	0.848654	0.730363	0.675363	0.651235	0.809262	1.35022	0.843422	1.0512	1.127	0.826849	0.718019	0.669973	0.648816	0.639139	0.807316	1.34884	0.837259	1.04575	0	
23
4.89211
1.15111	1.19213	1.17889	1.20479	1.18395	1.21753	1.03516	0.848681	0.730374	0.675364	0.651238	0.808923	1.35066	0.843024	1.04856	1.13006	0.827519	0.7183	0.670128	0.648871	0.639169	0.808212	1.3484	0.837515	1.04796	0	
28
5.512
1.15119	1.19118	1.17978	1.20469	1.18399	1.21787	1.03528	0.848753	0.730392	0.675405	0.651253	0.808244	1.35101	0.844531	1.05015	1.1287	0.827112	0.718121	0.670047	0.648849	0.63916	0.80991	1.347	0.838117	1.05172	0	
33
5.69958
1.15123	1.19128	1.18004	1.20422	1.18516	1.21614	1.03466	0.848351	0.730197	0.675312	0.65122	0.806813	1.35201	0.844592	1.04705	1.13229	0.828729	0.718899	0.670402	0.649005	0.639233	0.807252	1.34896	0.836297	1.04421	0	
38
6.13654
1.15125	1.19133	1.1797	1.20496	1.18403	1.21703	1.03525	0.848752	0.730415	0.675393	0.651258	0.808688	1.35045	0.842444	1.04842	1.12993	0.827413	0.71826	0.670131	0.648884	0.639175	0.811589	1.34573	0.835569	1.0508	0	
43
6.73913
1.15127	1.19235	1.17856	1.20553	1.18364	1.21673	1.03506	0.848647	0.730335	0.675359	0.651251	0.809811	1.34989	0.843304	1.05084	1.1276	0.826579	0.717869	0.669946	0.648797	0.63914	0.807713	1.34854	0.836683	1.04668	0	
48
6.91283
1.15128	1.19194	1.17934	1.20526	1.18447	1.21698	1.03511	0.848657	0.730354	0.675377	0.651263	0.808242	1.35087	0.844252	1.05001	1.12877	0.827274	0.718203	0.670085	0.648874	0.639172	0.805114	1.35068	0.83933	1.04438	0	
53
7.40686
1.15129	1.19159	1.18001	1.20514	1.18463	1.21762	1.03504	0.848604	0.730332	0.675368	0.65124	0.806827	1.35204	0.843394	1.04541	1.13258	0.827642	0.71831	0.670129	0.648909	0.639187	0.808539	1.3481	0.837901	1.04843	0	
58
7.7517
1.1513	1.19261	1.17841	1.20575	1.1837	1.21874	1.0351	0.848625	0.730337	0.675363	0.651242	0.808448	1.35091	0.842763	1.04777	1.13014	0.82692	0.717999	0.669999	0.64883	0.63915	0.80951	1.34727	0.836035	1.04836	0	
63
8.02738
1.1513	1.19164	1.1798	1.20445	1.18468	1.21744	1.03506	0.848618	0.730343	0.675368	0.651233	0.808924	1.35063	0.845233	1.05166	1.12782	0.827453	0.718313	0.670135	0.64889	0.639181	0.810752	1.34635	0.837118	1.05192	0	
68
8.67506
1.1513	1.19164	1.17947	1.20531	1.18369	1.21752	1.03519	0.848706	0.730388	0.675381	0.651254	0.809373	1.35005	0.842747	1.0501	1.12799	0.82675	0.717927	0.669965	0.64885	0.639153	0.807677	1.3486	0.836731	1.04656	0	
73
8.99905
1.15131	1.19149	1.17981	1.20459	1.18468	1.21731	1.03492	0.848505	0.730281	0.675359	0.651234	0.809982	1.35002	0.842714	1.05015	1.12817	0.826621	0.717881	0.669935	0.648812	0.639146	0.810481	1.34616	0.834967	1.04951	0	
78
9.22726
1.15131	1.19135	1.17982	1.20485	1.18436	1.21677	1.03498	0.848581	0.730322	0.675347	0.651239	0.810393	1.34931	0.843256	1.05266	1.12612	0.826294	0.717753	0.669894	0.648771	0.63913	0.808974	1.34761	0.836231	1.04806	0	
83
9.95893
1.15131	1.19121	1.17989	1.20353	1.1849	1.21616	1.03504	0.848626	0.730338	0.67536	0.651253	0.808344	1.35055	0.843101	1.04995	1.12826	0.826887	0.718023	0.670019	0.648839	0.639158	0.809153	1.34766	0.836393	1.0474	0	
88
10.2508
1.15131	1.19163	1.17935	1.20483	1.18379	1.21726	1.03528	0.848789	0.730436	0.675404	0.651259	0.80787	1.35136	0.843283	1.04806	1.13007	0.826897	0.71798	0.669987	0.648839	0.639153	0.809144	1.34744	0.838457	1.05162	0	
93
10.7361
1.15132	1.19131	1.17995	1.20542	1.18347	1.2173	1.03515	0.848679	0.730365	0.675366	0.651245	0.808575	1.35033	0.842304	1.04848	1.1294	0.826888	0.717998	0.670001	0.648829	0.639156	0.808496	1.34777	0.836733	1.04764	0	
98
11.186
1.15132	1.19146	1.1795	1.2047	1.18406	1.21741	1.03501	0.84859	0.730314	0.675352	0.651241	0.807519	1.3514	0.843753	1.04787	1.13031	0.826858	0.717966	0.669996	0.648826	0.639151	0.807956	1.34843	0.8362	1.04555	0	
103
11.6828
1.15132	1.19147	1.17957	1.20438	1.18403	1.21663	1.03519	0.848703	0.730374	0.675373	0.651247	0.810821	1.34892	0.841902	1.05186	1.12631	0.82674	0.717983	0.669987	0.648814	0.63915	0.810995	1.34624	0.835613	1.04967	0	
108
11.9734
1.15132	1.1913	1.17998	1.20511	1.18403	1.21791	1.03538	0.848844	0.730459	0.67542	0.651263	0.808371	1.35091	0.844186	1.05018	1.12874	0.827219	0.718183	0.670084	0.648872	0.639172	0.809897	1.34684	0.837011	1.05114	0	
113
12.274
1.15132	1.19185	1.17839	1.20447	1.18357	1.21699	1.03531	0.848806	0.730425	0.675405	0.651262	0.808481	1.35081	0.842782	1.0476	1.13075	0.827186	0.718123	0.670054	0.648858	0.639165	0.811034	1.34612	0.836765	1.05173	0	
118
12.7467
1.15132	1.19126	1.17993	1.20483	1.18417	1.21747	1.03512	0.848664	0.730363	0.675369	0.65125	0.809518	1.35019	0.842456	1.04938	1.1288	0.827013	0.718088	0.670031	0.648841	0.639157	0.809743	1.34721	0.838584	1.05224	0	
123
13.5081
1.15132	1.19134	1.17994	1.20431	1.18489	1.21702	1.03501	0.848588	0.730315	0.675346	0.651242	0.807004	1.35153	0.843592	1.04733	1.13064	0.827285	0.71818	0.67008	0.64887	0.639168	0.808937	1.34768	0.838479	1.05026	0	
128
13.9775
1.15132	1.19189	1.17884	1.20478	1.18382	1.21712	1.03512	0.848662	0.730365	0.675378	0.651248	0.809544	1.35023	0.843327	1.05041	1.12773	0.826325	0.71772	0.669857	0.648787	0.639129	0.808274	1.34799	0.837671	1.04878	0	
133
15.1536
1.15132	1.19141	1.1798	1.2051	1.18484	1.21715	1.03492	0.848515	0.730271	0.675329	0.651236	0.807622	1.35144	0.843529	1.04689	1.13135	0.827709	0.718371	0.670174	0.648919	0.639193	0.810351	1.34622	0.83534	1.04948	0	
138
16.5646
1.15132	1.19124	1.18047	1.20521	1.18462	1.21807	1.03543	0.848888	0.730478	0.675421	0.651276	0.807922	1.35117	0.84334	1.04741	1.13114	0.827607	0.718331	0.670144	0.648898	0.639184	0.812151	1.34492	0.834659	1.0514	0	
143
17.4404
1.15132	1.19127	1.18016	1.206	1.18349	1.21828	1.03506	0.848607	0.730329	0.675368	0.651245	0.806822	1.3515	0.843288	1.0471	1.13077	0.826984	0.71802	0.670002	0.648828	0.639154	0.810799	1.34593	0.836552	1.05192	0	
148
16.95
1.15132	1.19124	1.18024	1.20444	1.18522	1.21725	1.03494	0.848558	0.730299	0.675324	0.651237	0.808561	1.35072	0.8433	1.04877	1.12931	0.827603	0.718383	0.670131	0.648889	0.639168	0.810455	1.34679	0.836683	1.04969	0	
153
16.5871
1.15132	1.19132	1.1799	1.20512	1.1843	1.21754	1.03483	0.848427	0.730238	0.675312	0.651217	0.807967	1.35127	0.845289	1.04996	1.12947	0.82816	0.718659	0.6703	0.648965	0.639214	0.808296	1.3481	0.837328	1.04769	0	
158
16.8967
1.15132	1.19123	1.18011	1.20507	1.1843	1.21747	1.035	0.84859	0.730327	0.675364	0.651229	0.810601	1.34928	0.842783	1.05204	1.12675	0.827007	0.718111	0.670062	0.648851	0.639161	0.808741	1.34763	0.837384	1.04907	0	
163
17.7683
1.15132	1.19132	1.17968	1.20489	1.18376	1.21814	1.03527	0.848759	0.730415	0.675388	0.651257	0.809322	1.35017	0.844019	1.05183	1.12695	0.827039	0.718117	0.670025	0.648844	0.639153	0.811097	1.34559	0.836316	1.05262	0	
168
18.1064
1.15132	1.19126	1.18013	1.2045	1.18476	1.2175	1.03521	0.848707	0.730383	0.675388	0.651258	0.807988	1.35132	0.844928	1.04987	1.12942	0.827834	0.718494	0.670218	0.648935	0.639202	0.808156	1.34839	0.83776	1.04806	0	
173
18.9544
1.15132	1.19137	1.18012	1.20455	1.18459	1.21666	1.03523	0.848766	0.730413	0.675394	0.651266	0.808493	1.35065	0.843151	1.04888	1.12916	0.8267	0.717898	0.669953	0.648803	0.639144	0.80951	1.34703	0.835632	1.04788	0	
178
19.7877
1.15132	1.19144	1.17955	1.20402	1.18458	1.21661	1.03499	0.848602	0.730325	0.675357	0.651247	0.809858	1.34963	0.84191	1.05054	1.12674	0.826111	0.717633	0.669821	0.648769	0.639122	0.8094	1.34708	0.837093	1.04975	0	
183
20.0347
1.15132	1.19134	1.17988	1.20406	1.18492	1.21658	1.03529	0.848781	0.730415	0.675405	0.651266	0.810828	1.34957	0.844224	1.05363	1.12503	0.826171	0.717708	0.669878	0.648781	0.639135	0.81034	1.34636	0.83543	1.04953	0	
188
20.8859
1.15132	1.19129	1.17974	1.20399	1.1847	1.2171	1.03532	0.848818	0.730435	0.675407	0.651262	0.809814	1.34953	0.842045	1.05068	1.12769	0.827061	0.718128	0.670034	0.648865	0.639166	0.808557	1.3478	0.835129	1.04515	0	
193
20.4063
1.15132	1.1913	1.17982	1.20468	1.18495	1.21656	1.03483	0.848459	0.730258	0.675344	0.651233	0.810529	1.3494	0.84186	1.0508	1.12675	0.825739	0.717458	0.669752	0.648734	0.639106	0.809073	1.34743	0.835456	1.04685	0	
198
22.1426
1.15132	1.19114	1.18062	1.20323	1.18555	1.21556	1.03488	0.848535	0.73028	0.675321	0.651235	0.807478	1.35149	0.84525	1.04916	1.13009	0.828025	0.718564	0.67025	0.64895	0.63921	0.811337	1.34583	0.83739	1.05317	0	
